"names","values"
"itemid","160"
"event","0J/QvtC30L3QsNCy0LDRgtC10LvRjNC90LDRjyDQuNC90YTQvtCz0YDQsNGE0LjQutCwINC90LAg0YDRg9GD0YHQutC+0LwNCg0KaHR0cDovL3d3dy5zaHV0dGVyc3RvY2suY29tL3J1L3RyZW5kcw=="
"eventtime","2015-01-28 10:56:00"
"url","http://d-e-s-e-i-s.livejournal.com/41181.html"
"userid","3425"
"itemid","159"
"event","0J/QvtGH0LXQvNGDINGC0L4g0YXQvtGH0LXRgtGB0Y8g0YLRg9GCINC/0L7QtNC10LvQuNGC0YzRgdGPINGE0L7RgtC+0LPRgNCw0YTQuNGP0LzQuCwg0LvQuNGB0YLQsNGC0Ywg0YPQtNC+0LHQvdC10LUg0YfQtdC8INCyINGE0LEuINCh0LzQtdC90LjQuyDQv9C+0YHQu9C1IDEwINC70LXRgiBOaWtvbiBENzAg0L3QsCBENzEwMCDQuCDQv9C+0YHQtdGC0LjQu9C+INGE0L7RgtC+INCy0LTQvtGF0L3QvtCy0LXQvdC40LUsINC60LDQttC00YvQuSDQtNC10L3RjCDQu9C40YHRgtCw0Y4g0YTQvtGC0L7Qs9GA0LDRhNC40Lgg0Lgg0LvRjtCx0YPRjtGB0YwuINCf0YPRgdGC0Ywg0YLRg9GCINC/0L7QstC40YHRj9GCIDopDQoNCjxsai1jdXQgdGV4dD0i0JzQvdC+0LPQviDRhNC+0YLQviI+DQoNCtCU0LDRh9C90L7QtSwg0L3QvtCy0L7Qs9C+0LTQvdC10LUNCg0KPGltZyBhbHQ9IiIgc3JjPSJodHRwOi8vaWMucGljcy5saXZlam91cm5hbC5jb20vZF9lX3NfZV9pX3MvMTEzNzIxOTcvMzM0MjQvMzM0MjRfb3JpZ2luYWwuanBnIiB0aXRsZT0iIiAvPg0KDQrQqNGC0LDRgtC40LIg0L7Qv9GA0L7QsdC+0LLQsNC7INC90L7QstGL0LksINC60LDQuiDRjyDQttC1INC20LjQuyDRgtC+INCx0LXQtyDQvdC10LPQvg0KDQo8aW1nIGFsdD0iIiBzcmM9Imh0dHA6Ly9pYy5waWNzLmxpdmVqb3VybmFsLmNvbS9kX2Vfc19lX2lfcy8xMTM3MjE5Ny8yNjY2Mi8yNjY2Ml9vcmlnaW5hbC5qcGciIHRpdGxlPSIiIC8+DQoNCjxpbWcgYWx0PSIiIHNyYz0iaHR0cDovL2ljLnBpY3MubGl2ZWpvdXJuYWwuY29tL2RfZV9zX2VfaV9zLzExMzcyMTk3LzI2MzkxLzI2MzkxX29yaWdpbmFsLmpwZyIgdGl0bGU9IiIgLz4NCg0K0JzQvtGA0L7QtyDQuCDRgdC+0LvQvdGG0LUsINC00LXQvdGMINGH0YPQtNC10YHQvdGL0LkNCg0KPGltZyBhbHQ9IiIgc3JjPSJodHRwOi8vaWMucGljcy5saXZlam91cm5hbC5jb20vZF9lX3NfZV9pX3MvMTEzNzIxOTcvMzEyMTcvMzEyMTdfb3JpZ2luYWwuanBnIiB0aXRsZT0iIiAvPg0KDQo8aW1nIGFsdD0iIiBzcmM9Imh0dHA6Ly9pYy5waWNzLmxpdmVqb3VybmFsLmNvbS9kX2Vfc19lX2lfcy8xMTM3MjE5Ny8zMTQxNy8zMTQxN19vcmlnaW5hbC5qcGciIHRpdGxlPSIiIC8+DQoNCjxpbWcgYWx0PSIiIHNyYz0iaHR0cDovL2ljLnBpY3MubGl2ZWpvdXJuYWwuY29tL2RfZV9zX2VfaV9zLzExMzcyMTk3LzMwOTY2LzMwOTY2X29yaWdpbmFsLmpwZyIgdGl0bGU9IiIgLz4NCg0KPGltZyBhbHQ9IiIgc3JjPSJodHRwOi8vaWMucGljcy5saXZlam91cm5hbC5jb20vZF9lX3NfZV9pX3MvMTEzNzIxOTcvMzE3MDIvMzE3MDJfb3JpZ2luYWwuanBnIiB0aXRsZT0iIiAvPg0KDQo8aW1nIGFsdD0iIiBzcmM9Imh0dHA6Ly9pYy5waWNzLmxpdmVqb3VybmFsLmNvbS9kX2Vfc19lX2lfcy8xMTM3MjE5Ny8zMTg4MC8zMTg4MF9vcmlnaW5hbC5qcGciIHRpdGxlPSIiIC8+DQoNCtCd0LXQsdC+LiDQodCw0LzQvtC70LXRgg0KDQo8aW1nIGFsdD0iIiBzcmM9Imh0dHA6Ly9pYy5waWNzLmxpdmVqb3VybmFsLmNvbS9kX2Vfc19lX2lfcy8xMTM3MjE5Ny8zMjIwMS8zMjIwMV9vcmlnaW5hbC5qcGciIHRpdGxlPSIiIC8+DQoNCi4u0LLQtdC70L7RgdC40L/QtdC0IDopDQoNCjxpbWcgYWx0PSIiIHNyYz0iaHR0cDovL2ljLnBpY3MubGl2ZWpvdXJuYWwuY29tL2RfZV9zX2VfaV9zLzExMzcyMTk3LzMwMjAyLzMwMjAyX29yaWdpbmFsLmpwZyIgdGl0bGU9IiIgLz4NCg0K0J/RgtC40YfQtdC6INCy0L7RgiDQv9C+0YHQvdC40LzQsNC7INC/0L4g0LTQvtGA0L7Qs9C1LCDRgSAyNCDQvNC/INC+0YfQtdC90Ywg0YPQtNC+0LHQvdC+INC60YDQvtC/0LjRgtGMINC60L7QvdC10YfQvdC+DQoNCjxpbWcgYWx0PSIiIHNyYz0iaHR0cDovL2ljLnBpY3MubGl2ZWpvdXJuYWwuY29tL2RfZV9zX2VfaV9zLzExMzcyMTk3LzMyODg1LzMyODg1X29yaWdpbmFsLmpwZyIgdGl0bGU9IiIgLz4NCg0KPGltZyBhbHQ9IiIgc3JjPSJodHRwOi8vaWMucGljcy5saXZlam91cm5hbC5jb20vZF9lX3NfZV9pX3MvMTEzNzIxOTcvMzI2NDMvMzI2NDNfb3JpZ2luYWwuanBnIiB0aXRsZT0iIiAvPg0KDQo8aW1nIGFsdD0iIiBzcmM9Imh0dHA6Ly9pYy5waWNzLmxpdmVqb3VybmFsLmNvbS9kX2Vfc19lX2lfcy8xMTM3MjE5Ny8zMjQwMi8zMjQwMl9vcmlnaW5hbC5qcGciIHRpdGxlPSIiIC8+DQoNCjxpbWcgYWx0PSIiIHNyYz0iaHR0cDovL2ljLnBpY3MubGl2ZWpvdXJuYWwuY29tL2RfZV9zX2VfaV9zLzExMzcyMTk3LzMzMDU4LzMzMDU4X29yaWdpbmFsLmpwZyIgdGl0bGU9IiIgLz4NCg0K0IHQu9C60LAg0LLQviDQtNCy0L7RgNC1DQoNCjxpbWcgYWx0PSIiIHNyYz0iaHR0cDovL2ljLnBpY3MubGl2ZWpvdXJuYWwuY29tL2RfZV9zX2VfaV9zLzExMzcyMTk3LzMwNjQ5LzMwNjQ5X29yaWdpbmFsLmpwZyIgdGl0bGU9IiIgLz4NCg0KPGltZyBhbHQ9IiIgc3JjPSJodHRwOi8vaWMucGljcy5saXZlam91cm5hbC5jb20vZF9lX3NfZV9pX3MvMTEzNzIxOTcvMzA0MzIvMzA0MzJfb3JpZ2luYWwuanBnIiB0aXRsZT0iIiAvPg0KDQrQkCDRgtGD0YIg0LzQvtC20L3QviDQutCw0YLQsNGC0YzRgdGPINC80LXQttC00YMg0LXQu9C+0YfQtdC6DQoNCjxpbWcgYWx0PSIiIHNyYz0iaHR0cDovL2ljLnBpY3MubGl2ZWpvdXJuYWwuY29tL2RfZV9zX2VfaV9zLzExMzcyMTk3LzI3NTgzLzI3NTgzX29yaWdpbmFsLmpwZyIgdGl0bGU9IiIgLz4NCg0K0IHQu9C+0YfQutC4INC+0YfQtdC90Ywg0LrQu9Cw0YHRgdC90YvQtQ0KDQo8aW1nIGFsdD0iIiBzcmM9Imh0dHA6Ly9pYy5waWNzLmxpdmVqb3VybmFsLmNvbS9kX2Vfc19lX2lfcy8xMTM3MjE5Ny8yODI4Ni8yODI4Nl9vcmlnaW5hbC5qcGciIHRpdGxlPSIiIC8+DQoNCjxpbWcgYWx0PSIiIHNyYz0iaHR0cDovL2ljLnBpY3MubGl2ZWpvdXJuYWwuY29tL2RfZV9zX2VfaV9zLzExMzcyMTk3LzI4MTAxLzI4MTAxX29yaWdpbmFsLmpwZyIgdGl0bGU9IiIgLz4NCg0KPGltZyBhbHQ9IiIgc3JjPSJodHRwOi8vaWMucGljcy5saXZlam91cm5hbC5jb20vZF9lX3NfZV9pX3MvMTEzNzIxOTcvMjc3NDUvMjc3NDVfb3JpZ2luYWwuanBnIiB0aXRsZT0iIiAvPg0KDQrQldGJ0LUg0YfQtdGA0L3QsNGPINGA0Y/QsdC40L3QsA0KDQo8aW1nIGFsdD0iIiBzcmM9Imh0dHA6Ly9pYy5waWNzLmxpdmVqb3VybmFsLmNvbS9kX2Vfc19lX2lfcy8xMTM3MjE5Ny8yNjk1NS8yNjk1NV9vcmlnaW5hbC5qcGciIHRpdGxlPSIiIC8+DQoNCtC4INC10LvQvtGH0LrQuCDQvtC60L7Qu9C+INC00L7QvNCwDQoNCjxpbWcgYWx0PSIiIHNyYz0iaHR0cDovL2ljLnBpY3MubGl2ZWpvdXJuYWwuY29tL2RfZV9zX2VfaV9zLzExMzcyMTk3LzI3MzAyLzI3MzAyX29yaWdpbmFsLmpwZyIgdGl0bGU9IiIgLz4NCg0KPGltZyBhbHQ9IiIgc3JjPSJodHRwOi8vaWMucGljcy5saXZlam91cm5hbC5jb20vZF9lX3NfZV9pX3MvMTEzNzIxOTcvMzM1MzcvMzM1Mzdfb3JpZ2luYWwuanBnIiB0aXRsZT0iIiAvPg0KDQrQntC60L7Qu9C+INC00L7QvNCwINC+0YXRgNCw0L3QsCA7KQ0KDQo8aW1nIGFsdD0iIiBzcmM9Imh0dHA6Ly9pYy5waWNzLmxpdmVqb3VybmFsLmNvbS9kX2Vfc19lX2lfcy8xMTM3MjE5Ny8yOTg1OS8yOTg1OV9vcmlnaW5hbC5qcGciIHRpdGxlPSIiIC8+DQoNCtCQINC00L7QvNCwINGD0Y7RgtC90L4g0Lgg0YLQtdC/0LvQvg0KDQo8aW1nIGFsdD0iIiBzcmM9Imh0dHA6Ly9pYy5waWNzLmxpdmVqb3VybmFsLmNvbS9kX2Vfc19lX2lfcy8xMTM3MjE5Ny8yOTE3Mi8yOTE3Ml9vcmlnaW5hbC5qcGciIHRpdGxlPSIiIC8+DQoNCtCf0L7RgdGH0LjRgtCw0LnRgtC1INGB0LrQvtC70YzQutC+INC60L7RgtGNDQoNCjxpbWcgYWx0PSIiIHNyYz0iaHR0cDovL2ljLnBpY3MubGl2ZWpvdXJuYWwuY29tL2RfZV9zX2VfaV9zLzExMzcyMTk3LzI5MjU5LzI5MjU5X29yaWdpbmFsLmpwZyIgdGl0bGU9IiIgLz4NCg0K0KXQvtC30Y/QuNC9INC60L7QvNC90LDRgtGLICUpDQoNCjxpbWcgYWx0PSIiIHNyYz0iaHR0cDovL2ljLnBpY3MubGl2ZWpvdXJuYWwuY29tL2RfZV9zX2VfaV9zLzExMzcyMTk3LzI5NTE2LzI5NTE2X29yaWdpbmFsLmpwZyIgdGl0bGU9IiIgLz4NCg0K0JTQsNC20LUg0LjQtyDQvtC60L3QsCDQvtGC0LvQuNGH0L3Ri9C5INCy0LjQtA0KDQo8aW1nIGFsdD0iIiBzcmM9Imh0dHA6Ly9pYy5waWNzLmxpdmVqb3VybmFsLmNvbS9kX2Vfc19lX2lfcy8xMTM3MjE5Ny8yODc1My8yODc1M19vcmlnaW5hbC5qcGciIHRpdGxlPSIiIC8+DQoNCjxpbWcgYWx0PSIiIHNyYz0iaHR0cDovL2ljLnBpY3MubGl2ZWpvdXJuYWwuY29tL2RfZV9zX2VfaV9zLzExMzcyMTk3LzI4NTYwLzI4NTYwX29yaWdpbmFsLmpwZyIgdGl0bGU9IiIgLz4NCg0K0KEg0J3QvtCy0YvQvCDQs9C+0LTQvtC8INC4INCg0L7QttC00LXRgdGC0LLQvtC8IQ0KDQo8aW1nIGFsdD0iIiBzcmM9Imh0dHA6Ly9pYy5waWNzLmxpdmVqb3VybmFsLmNvbS9kX2Vfc19lX2lfcy8xMTM3MjE5Ny8zMzk2MS8zMzk2MV9vcmlnaW5hbC5qcGciIHRpdGxlPSIiIC8+PC9sai1jdXQ+"
"eventtime","2015-01-11 00:55:00"
"url","http://d-e-s-e-i-s.livejournal.com/40763.html"
"userid","3425"
"itemid","158"
"event","0KHQvtCx0YHRgtCy0LXQvdC90L4sINCy0L7Rgi4NCg0KaHR0cDovL3d3dy5zaHV0dGVyc3RvY2suY29tL2xhYnMvc2VxdWVuY2UvDQoNCtCf0L7QuNCz0YDQsNC70YHRjyDQvdC10LzQvdC+0LPQviwg0LzQvtC20L3QviAmcXVvdDvQv9GA0LjQvNC10YDRj9GC0YwmcXVvdDsg0YTRg9GC0LDQttC4INC6INC80YPQt9GL0LrQtSDQuCDRgdC+0YXRgNCw0L3Rj9GC0Ywv0YjRjdGA0LjRgtGMINC/0YDQvtC10LrRgtGLLg0K0JLQuNC00LXQviDQv9C+0L/RgNC+0LHQvtCy0LDRgtGMINC/0YDQvtC00LDQstCw0YLRjCDQtdGJ0LUg0LHQvtC70YzRiNC1INC30LDRhdC+0YLQtdC70L7RgdGMLCDQs9C00LUg0LHRiyDQstC30Y/RgtGMINCy0YDQtdC80LXQvdC4INGB0LLQvtCx0L7QtNC90L7Qs9C+INC00LvRjyDQstGB0LXQs9C+INGH0YLQviDQuNC90YLQtdGA0LXRgdC90L4gLSkgDQoNCtCS0L7RgiDRh9GC0L4g0YHQvtGF0YDQsNC90LjQuywg0Y8g0L/RgNCw0LLQtNCwINCyINCy0LjQtNC10L4g0L3QtSDQvtGH0LXQvdGMLCDQvdC+INGC0LDQuiDQstGB0LUg0YPQtNC+0LHQvdC+LCDQtNGA0LDQsy3RjdC9LdC00YDQvtC/INCy0YHQtSDQtNC10LvQsC4NCmh0dHA6Ly93d3cuc2h1dHRlcnN0b2NrLmNvbS9sYWJzL3NlcXVlbmNlL3ZpZXcvNTc3MjE4Ny81YTlkMGY0MTllNWNmZDY4NzdkN2ZlN2I5MzdmYzhkNzU2MGNjODczLw=="
"eventtime","2014-11-07 13:05:00"
"url","http://d-e-s-e-i-s.livejournal.com/40664.html"
"userid","3425"
"itemid","157"
"event","0JrQsNC60L7QtSDRgtC+INGF0LjQv9GB0YLQtdGA0YHRgtCy0L4g0YHQv9C70L7RiNC90L7QtQ0KDQo8aW1nIGFsdD0iIiBzcmM9Imh0dHA6Ly9pYy5waWNzLmxpdmVqb3VybmFsLmNvbS9kX2Vfc19lX2lfcy8xMTM3MjE5Ny8yNTQ0My8yNTQ0M19vcmlnaW5hbC5qcGciIHRpdGxlPSIiIC8+DQoNCtCe0YLRgdGO0LTQsA0KaHR0cDovL3d3dy5zaHV0dGVyc3RvY2suY29tL2Jsb2cvaW5mb2dyYXBoaWMtY29sb3ItdHJlbmRzLWluLWRlc2lnbi0yMDE0"
"eventtime","2014-10-02 12:13:00"
"url","http://d-e-s-e-i-s.livejournal.com/40410.html"
"userid","3425"
"itemid","156"
"event","0JXRgdGC0Ywg0YLRg9GCINC60YLQvj8gOikNCtCf0L7RgdC70LXQtNC90Y/RjyDQt9Cw0L/QuNGB0Ywg0LIg0LbQtiDQsNC2IDMg0LzQsNGA0YLQsCwg0LfQsNCx0LDQstC90L4uINCk0L7RgtC+0LPRgNCw0YTQuNC4INC/0L7Rh9GC0Lgg0LLRgdC1INGD0YXQvtC00Y/RgiDQsiDQuNC90YHRgtCw0LPRgNCw0LwsINGC0LLQuNGC0YLQtdGAINC4INGE0LEsINGB0Y7QtNCwINC60LDQuiDRgtC+INGB0YLQsNC7INGF0L7QtNC40YLRjCDQsdC+0LvRjNGI0LUg0L/QvtGH0LjRgtCw0YLRjC4gJm5ic3A7ICANCg0K0J3QsCDRgdCw0LzQvtC8INC00LXQu9C1INGB0L7QsdC40YDQsNC70YHRjyDQvdCw0L/QuNGB0LDRgtGMINCyINGE0LEsINC90L4g0YLQsNC8INGB0YLQvtC60LXRgNC+0LIg0LzQsNC70L4g0Lgg0L7RgdC+0LHQviDQvdC40LrQvtC80YMg0L3QtSDQsdGD0LTQtdGCINC40L3RgtC10YDQtdGB0L3QsCDRjdGC0LAg0LjQvdGE0LAuIA0K0JAg0LjQvdGE0L7RgNC80LDRhtC40Y8g0LzQvtC20LXRgiDQuCDRgdGC0LDRgNCw0Y8sINC90L4g0LrQsNC6INGC0L4g0L/RgNC+0LvQtdGC0LXQu9CwINC80LjQvNC+INC80LXQvdGPLCDQsCDRjyDRgtC+0LvRjNC60L4g0YfRgtC+INC10LUg0L3QsNGI0LXQuyDQvdCwINGB0YLRgNCw0L3QuNGH0LrQtSDQsNCy0YLQvtGA0LAg0LIg0YjQsNGC0YLQtdGA0LUuIA0KDQrQn9C+0Y3RgtC+0LzRgyDQvtGB0YLQsNCy0LvRjiDRgdGB0YvQu9C+0YfQutGDINGC0YPRgiAtINGN0YLQviDRgNGD0LrQvtCy0L7QtNGB0YLQstC+INC/0L4mbmJzcDvQt9Cw0YnQuNGC0LUg0YHQstC+0LjRhSDRgNCw0LHQvtGCINC90LAg0YjQsNGC0YLQtdGA0LUsINGC0LXQvCDRhtC10L3QvdC10LUg0YfRgtC+INC10LPQviDQvNC+0LbQvdC+INGB0LrQsNGH0LDRgtGMINC90LAg0YDRg9GB0YHQutC+0LwuDQoNCmh0dHA6Ly93d3cuc2h1dHRlcnN0b2NrLmNvbS9ibG9nL3Byb3RlY3RpbmcteW91ci1jb250ZW50LWEtZ3VpZGUtbm93LWluLTgtbGFuZ3VhZ2VzDQoNCg0K0JrQvtC80YMg0LvQtdC90LjQstC+INGF0L7QtNC40YLRjCDQv9C+INGB0YHRi9C70LrQtSDQuCDQstCx0LjQstCw0YLRjCDQv9C+0YfRgtGDIC0gPGEgaHJlZj0iaHR0cHM6Ly9kbC5kcm9wYm94dXNlcmNvbnRlbnQuY29tL3UvOTczMzg4L1NodXR0ZXJzdG9ja19Db250cmlidXRvckNvbnRlbnRfUlUucGRmIiB0YXJnZXQ9Il9ibGFuayI+0LLQvtGCPC9hPiwg0YfQuNGC0LDQudGC0LUg0L3QsCDQt9C00L7RgNC+0LLRjNC1IQ=="
"eventtime","2014-09-30 13:05:00"
"url","http://d-e-s-e-i-s.livejournal.com/40074.html"
"eventtime","2014-03-03 20:42:00"
"url","http://chuhail.livejournal.com/2210.html"
"userid","3425"
"itemid","8"
"event","PGltZyBzcmM9Imh0dHA6Ly9pYy5waWNzLmxpdmVqb3VybmFsLmNvbS9jaHVoYWlsLzI2NTI1NzAxLzM1OTEzLzM1OTEzX29yaWdpbmFsLmpwZyIgYWx0PSIiIHRpdGxlPSIiIHdpZHRoPSI5MDAiIGhlaWdodD0iNTYzIiAvPg0KDQrQkdC+0L3Rg9GB0L3Ri9C5INC60LDRgdGCINC00LvRjyA8YSBocmVmPSJodHRwOi8vc2tpbGx1cC5saXZlam91cm5hbC5jb20vMjExODkxLmh0bWwiPtC80LXQs9Cw0LrRgNGD0YLQtdC50YjQtdC5INC00LLQuNC20YPRhdC4PC9hPiDQvtGCIDxhIGhyZWY9Imh0dHA6Ly9za2lsbHVwLmxpdmVqb3VybmFsLmNvbS8iPtCe0LvQtdCz0LAgU2tpbGx1cDwvYT4NCg0KPGI+0KfRgtC+INCy0L3Rg9GC0YDQuDo8L2I+DQoxKSDQp9GC0L4g0YLQsNC60L7QtSDRgtGA0LXQvdC00Ysg0Lgg0LrRgtC+INGC0LDQutC40LUg0YLRgNC10L3QtNGB0LXRgtGC0LXRgNGLDQoyKSDQmtCw0Log0YHRgtCw0YLRjCDRgtGA0LXQvdC00YHQtdGC0YLQtdGA0L7QvA0KMykg0JDQvdCw0LvQuNC3INGC0YDQtdC90LTQvtCyINC70L7Qs9C+0YLQuNC/0L7QsiDQt9CwIDEwINC70LXRgiwg0L3QsNGH0LjQvdCw0Y8g0YEgMjAwMyDQs9C+0LTQsA0KNCkg0J/RgNC+0LPQvdC+0LfRiyDQvdCwIDIwMTQg0LPQvtC0DQoNCg0KPGI+0JLQuNC00LXQviA8YSBocmVmPSJodHRwczovL3ZpbWVvLmNvbS84ODAwODE3OCIgdGFyZ2V0PSJfYmxhbmsiPtCh0JzQntCi0KDQldCi0Kw8L2E+IDwvYj4NCjxiPtCk0LDQudC70YsgPGEgaHJlZj0iaHR0cHM6Ly93d3cuZHJvcGJveC5jb20vc2gvMWh5MWVzMGFxeW4yMWNzL1lXMm9BdUNQQzUiIHRhcmdldD0iX2JsYW5rIj7QodCa0JDQp9CQ0KLQrDwvYT48L2I+DQoNCg0K0JTQvtC70LPQvtC1INCy0YDQtdC80LXQvdC4INGPINGA0LDQsdC+0YLQsNC7ICjQuCDQv9GA0L7QtNC+0LvQttCw0Y4g0YDQsNCx0L7RgtCw0YLRjCkg0L3QsNC0INC+0L/RgtC40LzQuNC30LDRhtC40LXQuSDQuCDQsNCy0YLQvtC80LDRgtC40LfQsNGG0LjQtdC5INGA0LDQsdC+0YLRiyDRgdGC0L7QutC10YDQsC4NCtCf0L7QttCw0LvRg9C5LCDQs9C70LDQstC90LDRjyDQvNC10YfRgtCwINC70Y7QsdC+0LPQviDRgdGC0L7QutC10YDQsCwg0LTQsCDQuCDRh9C10LvQvtCy0LXQutCwINCyINGG0LXQu9C+0LwsINC00LXQu9Cw0YLRjCDQvdC40YfQtdCz0L4g0Lgg0LfQsNGA0LDQsdCw0YLRi9Cy0LDRgtGMINC00LXQvdGM0LPQuC4NCg0K0Jog0YHQvtC20LDQu9C10L3QuNGOLCDQvNC90L7Qs9C40Lwg0YDQtdCx0Y/RgtCw0Lwg0YHQu9C+0LbQvdC+INGA0LjRgdC+0LLQsNGC0Ywg0L3QsCDRgdGC0L7QutC4INC80L3QvtCz0L4g0Lgg0YDQtdCz0YPQu9GP0YDQvdC+LCDQv9C+0Y3RgtC+0LzRgyDQvdC1INGD0LTQsNC10YLRgdGPINC00L7RgdGC0LjRh9GMINCy0YvRgdC+0LrQvtCz0L4g0YPRgNC+0LLQvdGPINC00L7RhdC+0LTQsC4g0J/RgNC40YfQuNC9INC90LAg0YLQviDQvNCw0YHRgdCwOiDQvtGCINCx0LDQvdCw0LvRjNC90L7Qs9C+INC+0YLRgdGD0YLRgdGC0LLQuNGPINCy0YDQtdC80LXQvdC4INC40LvQuCDQvdCw0LLRi9C60L7Qsiwg0LTQviDRgtCy0L7RgNGH0LXRgdC60L7Qs9C+INGB0YLRg9C/0L7RgNCwLCDQutC+0YLQvtGA0YvQuSDQstC+0LfQvdC40LrQsNC10YIg0LrQsNC6INGC0L7Qu9GM0LrQviDQv9C+0Y/QstC70Y/QtdGC0YHRjyDQstC+0L/RgNC+0YEgItCn0YLQviDQttC1INC/0L7RgNC40YHQvtCy0LDRgtGMPyINCg0K0J7Rh9C10L3RjCDRh9Cw0YHRgtC+INGPINGB0LvRi9GI0YMg0L7RgiDQtNC40LfQsNC50L3QtdGA0L7Qsiwg0LrQvtGC0L7RgNGL0LUg0YXQvtGC0Y/RgiDRgdGC0LDRgtGMINGB0YLQvtC60LXRgNCw0LzQuCwg0L4g0L3QtdCw0LTQtdC60LLQsNGC0L3Ri9GFINC30LDQtNCw0YfQsNGFINC+0YIg0LrQu9C40LXQvdGC0L7Qsiwg0L3QsNGH0LDQu9GM0YHRgtCy0LAg0Lgg0YIu0L8uDQrQndC+INC60LDQuiDRgtC+0LvRjNC60L4g0L7QvdC4INC90LDRh9C40L3QsNGO0YIg0YDQsNCx0L7RgtCw0YLRjCDQv9C+0LvQvdC+0YHRgtGM0Y4g0LDQstGC0L7QvdC+0LzQvdC+INC90LAg0YHRgtC+0LrQsNGFLCDQvtC60LDQt9GL0LLQsNC10YLRgdGPLCDRh9GC0L4g0L7Rh9C10L3RjCDQvdC1INGF0LLQsNGC0LDQtdGCINC60LDQutC+0LPQvi3RgtC+INC/0L7QvdGP0YLQvdC+0LPQviDQv9C70LDQvdCwLCDQv9C+0L3Rj9GC0L3Ri9GFINC30LDQtNCw0YcsINC60L7RgtC+0YDRi9C1INC/0YDQuNCy0LXQtNGD0YIg0LIg0LbQtdC70LDQtdC80L7QvNGDINGA0LXQt9GD0LvRjNGC0LDRgtGDLiANCg0K0JjQvNC10L3QvdC+INC00LvRjyDRgNC10YjQtdC90LjRjyDRjdGC0LjRhSDQv9GA0L7QsdC70LXQvCDRjyDRgNCw0LfRgNCw0LHQsNGC0YvQstCw0Y4g0L3QsNGB0YLRgNCw0LjQstCw0LXQvNGD0Y4g0YHQuNGB0YLQtdC80YMsINC60L7RgtC+0YDQsNGPINCx0YPQtNC10YIg0YHQsNC80LAg0LPQvtCy0L7RgNC40YLRjCDQutC+0LPQtNCwINC4INGH0YLQviDRgdC70LXQtNGD0LXRgiDRgNC40YHQvtCy0LDRgtGMLCDQtNC10LvQsNGC0Ywg0LHQvtC70YzRiNGD0Y4g0YfQsNGB0YLRjCDRgNCw0LHQvtGC0Ysg0LfQsCDQstCw0YEg0Lgg0L7RgdCy0L7QsdC+0LTQuNGCINCz0L7RgNCw0LfQtNC+INCx0L7Qu9GM0YjQtSDRgdCy0L7QsdC+0LTQvdC+0LPQviDQstGA0LXQvNC10L3QuCwg0YfQtdC8INCy0Ysg0LzQvtC20LXRgtC1INGB0LXQsdC1INC/0YDQtdC00YHRgtCw0LLQuNGC0YwuDQoNCtCh0LXQudGH0LDRgSDRjdGC0LAg0YHQuNGB0YLQtdC80LAg0L3QsNGF0L7QtNC40YLRgdGPINC90LAg0YHRgtCw0LTQuNC4INGC0LXRgdGC0LjRgNC+0LLQsNC90LjRjy4gDQrQmtCw0Log0YLQvtC70YzQutC+INGPINCy0YHQtSDQv9GA0L7QstC10YDRjiwg0YLQviDQv9GA0L7QstC10LTRgyDQstC+0YDQutGI0L7Qvywg0LIg0LrQvtGC0L7RgNC+0Lwg0L/QvtC00LXQu9GO0YHRjCDRgdCy0L7QuNC80Lgg0LfQvdCw0L3QuNGP0LzQuC4gDQoNCg0KPGI+0KfRgtC+0LHRiyDRgdC70LXQtNC40YLRjCDQt9CwINC+0LHQvdC+0LLQu9C10L3QuNGP0LzQuCwg0L7RgdGC0LDQstGM0YLQtSDRgdCy0L7QuSBlbWFpbCA8YSBocmVmPSJodHRwOi8vZWVwdXJsLmNvbS9QdlEtRCIgdGFyZ2V0PSJfYmxhbmsiPtCi0KPQojwvYT48L2I+DQoNCg0K0JHRg9C00YMg0L/RgNC40LfQvdCw0YLQtdC70LXQvSDQt9CwINGF0L7RgNC+0YjQuNC1INC60L7QvNC80LXQvdGC0LDRgNC40Lgg0Lgg0YDQtdC/0L7RgdGC0YsgOikNCjxsai1saWtlIGJ1dHRvbnM9InJlcG9zdCxmYWNlYm9vayx0d2l0dGVyLGdvb2dsZSx2a29udGFrdGUsdHVtYmxyLGxpdmVqb3VybmFsIiAvPg=="
"userid","3425"
"itemid","154"
"event","0KHRg9Cx0YrQtdC60YLQuNCy0L3QsNGPINCy0YvQsdC+0YDQutCwLCDQsiDQv9GA0L7QuNC30LLQvtC70YzQvdC+0Lwg0L/QvtGA0Y/QtNC60LUuDQoNCmh0dHA6Ly93d3cuYWJlbHlhbG92LmNvbS8NCmh0dHA6Ly93d3cuYWxleGV5bWFzbG92LnJ1Lw0KaHR0cDovL2FuZHJleXNoYXJvbm92LmNvbS9ydS9wb3J0Zm9saW8uaHRtbA0KaHR0cDovL3d3dy5iZWhhbmNlLm5ldC9kaWRpZXJiYXNoZXYNCmh0dHA6Ly9ib3d5ZXJ3b3JsZHdpZGUuY29tLw0KaHR0cDovL2NhcmdvY29sbGVjdGl2ZS5jb20vYmVyaWtlcmdhbGkNCmh0dHA6Ly93d3cuZ3N0dWRpby5jb20udWEvDQpodHRwOi8vd3d3LnVyb2JhcmJvcy5jb20vDQpodHRwOi8vcG9ydGZvbGlvLmFsc3V2LmNvbS8NCmh0dHA6Ly93d3cuYWRtZS51YS9uaWtvbGFqLWtvdmFsZW5rby9ncmFmaWNoZXNraWotZGl6YWpuZXItbmlrb2xhai1rb3ZhbGVua28tMTA2NjU1LzEwNjY1NS0zOTc1Lw0KaHR0cDovL3JvYmphbm9mZi5jb20vDQpodHRwOi8vd3d3Lmp1bGllbm1vdWxpbi5jb20vDQpodHRwOi8vd3d3Lm1heGlieW1heGkuY29tLw0KaHR0cDovL2ktaS1pcmEudHVtYmxyLmNvbS8="
"eventtime","2014-02-05 18:40:00"
"url","http://d-e-s-e-i-s.livejournal.com/39526.html"
"userid","3425"
"itemid","153"
"event","<img alt=""yolka555"" height=""905"" src=""http://ic.pics.livejournal.com/d_e_s_e_i_s/11372197/21689/21689_original.gif"" title=""yolka555"" width=""555"" />"
"eventtime","2013-12-23 13:04:00"
"url","http://d-e-s-e-i-s.livejournal.com/39333.html"
"eventtime","2013-10-30 11:39:00"
"url","http://chuhail.livejournal.com/1560.html"
"userid","3425"
"itemid","6"
"event","PGltZyBhbHQ9IlNrZXRjaGluZyBjYXN0IiBoZWlnaHQ9IjUwMCIgc3JjPSJodHRwOi8vaWMucGljcy5saXZlam91cm5hbC5jb20vY2h1aGFpbC8yNjUyNTcwMS8zNTAxOC8zNTAxOF9vcmlnaW5hbC5qcGciIHRpdGxlPSJTa2V0Y2hpbmcgY2FzdCIgd2lkdGg9IjkwMCIgLz4NCjxsai1saWtlIC8+DQoNCtCS0YHQtdC8INC/0YDQuNCy0LXRgiENCg0K0JzQtdC90Y8g0LfQvtCy0YPRgiDQnNCw0LnQui4NCtCl0YPQtNC+0LbQvdC40Lot0LPRgNCw0YTQuNC6INC/0L4g0L7QsdGA0LDQt9C+0LLQsNC90LjRjiwg0LTQuNC30LDQudC90LXRgCDQsiDQv9GA0L7RiNC70L7QvC4NCtCSINC90LDRgdGC0L7Rj9GJ0LjQuSDQvNC+0LzQtdC90YIgLSDQsNGA0YLQtNC40YAg0LIg0YPRgdC/0LXRiNC90L7QuSDRgdGC0YPQtNC40LgsINC00LjQt9Cw0LnQvS3QsNC90LDQu9C40YLQuNC6INC4INGB0YLQvtC60LXRgC4NCg0K0J/QsNGA0YMg0L3QtdC00LXQu9GMINC90LDQt9Cw0LQg0J7Qu9C10LbQutCwIDxhIGhyZWY9Imh0dHA6Ly9za2lsbHVwLmxpdmVqb3VybmFsLmNvbS8iIHRhcmdldD0iX2JsYW5rIj5Ta2lsbHVwPC9hPiDQv9GA0LjQs9C70LDRgdC40Lsg0L/RgNC+0LLQtdGB0YLQuCDQsdC+0L3Rg9GB0L3Ri9C5INC60LDRgdGCINCyINC60YDRg9GC0LXQudGI0LXQuSDQtNCy0LjQttGD0YXQtSAmbGRxdW87PGEgaHJlZj0iaHR0cDovL3NraWxsdXAubGl2ZWpvdXJuYWwuY29tLzE4MzMwNy5odG1sIiB0YXJnZXQ9Il9ibGFuayI+0JzQtdCz0LDQstC+0YDQutGI0L7QvyA0PC9hPiZsZHF1bzsNCtCt0YLQviDQvtC60LDQt9Cw0LvQvtGB0Ywg0L7Rh9C10L3RjCDQt9C00L7RgNC+0LLQviAtINC00LXQu9C40YLRjNGB0Y8g0LfQvdCw0L3QuNGP0LzQuCDQvtC90LvQsNC50L0g0Lgg0L7QsdGB0YPQttC00LDRgtGMINCy0YHQtSDQsiDRgNC10LDQu9GM0L3QvtC8INCy0YDQtdC80LXQvdC4Lg0K0JTQviDRjdGC0L7Qs9C+INGPINCy0YvRgdGC0YPQv9Cw0Lsg0LIg0L7RgdC90L7QstC90L7QvCDQvdCwINC60L7QvdGE0LXRgNC10L3RhtC40Y/RhSwg0L7RhNGE0LvQsNC50L0g0YLQsNC6INGB0LrQsNC30LDRgtGMLiDQndC+INC/0L7QtNC+0LHQvdGL0Lkg0YTQvtGA0LzQsNGCINC80L3QtSDQvdGA0LDQstC40YLRgdGPLCDQv9C+0LbQsNC70YPQuSwg0LTQsNC20LUg0LHQvtC70YzRiNC1Lg0KDQrQn9C+0LvRg9GH0LjQsiDQv9C+0LfQuNGC0LjQstC90YvQtSA8YSBocmVmPSJodHRwOi8vc2tpbGx1cC5saXZlam91cm5hbC5jb20vMjAzMzU1Lmh0bWwiIHRhcmdldD0iX2JsYW5rIj7QvtGC0LfRi9Cy0Ys8L2E+INC+INC60LDRgdGC0LUsINC80L3QtSDQt9Cw0YXQvtGC0LXQu9C+0YHRjCDQv9C+0LTQtdC70LjRgtGM0YHRjyDQtdGJ0LUg0YfQtdC8LdC90LjQsdGD0LTRjCDQv9C+0LvQtdC30L3Ri9C8INC4INC70Y7QsdC+0L/Ri9GC0L3Ri9C8Lg0KDQoNCjxiPtCeINGH0LXQvD88L2I+DQoNCtCvINGA0LDRgdGB0LrQsNC20YMg0L/RgNC+Og0KLSDRgdC60LXRgtGH0LjQvdCzLCDQtdCz0L4g0YDQvtC70Ywg0LIg0LTQuNC30LDQudC90LUg0Lgg0YbQtdC90L3QvtGB0YLRjCDQtNC70Y8g0LrQu9C40LXQvdGC0L7QsiAo0LrRgtC+LCDQutCw0Log0Lgg0LPQtNC1INC40YHQv9C+0LvRjNC30YPQtdGCINC40YUpDQotINGB0YLQuNC70Lgg0YHQutC10YLRh9C40L3Qs9CwDQotINC40L3RgdGC0YDRg9C80LXQvdGC0Ysg0YHQutC10YLRh9C40L3Qs9CwINC4INC40YUg0L7RgdC+0LHQtdC90L3QvtGB0YLQuC4NCi0g0L/QvtC40YHQuiDRgdC+0LHRgdGC0LLQtdC90L3QvtCz0L4g0YHRgtC40LvRjyDQuCDQstCw0LbQvdC+0YHRgtGMINGN0YLQvtCz0L4NCi0g0L/RgNC40LHRi9C70YzQvdC+0YHRgtGMINGA0LjRgdC+0LLQsNC90LjRjyDRgdC60LXRgtGH0LXQuSDQvdCwINGB0YLQvtC60LgNCg0KDQo8Yj7QmtC+0LzRgyDQsdGD0LTQtdGCINC40L3RgtC10YDQtdGB0L3Qvj88L2I+DQoNCi0g0YXRg9C00L7QttC90LjQutCw0LwsINC60L7RgtC+0YDRi9C1INGF0L7RgtGP0YIg0LfQsNGA0LDQsdCw0YLRi9Cy0LDRgtGMINC90LAg0YHRgtC+0LrQsNGFLCDQtNCw0LbQtSDQvdC1INC30L3QsNGPIElsbHVzdHJhdG9yLg0KLSDQtNC40LfQsNC50L3QtdGA0LDQvCwg0LrQvtGC0L7RgNGL0LUg0YXQvtGC0Y/RgiDQv9GA0L7QutCw0YfQsNGC0Ywg0YHQstC+0Lkg0YPRgNC+0LLQtdC90Ywg0YHQutC10YLRh9C40L3Qs9CwLg0KLSDQu9GO0LTRj9C8LCDQvdC1INGD0LzQtdGO0YnQuNC8INGA0LjRgdC+0LLQsNGC0Ywg0YHQvtCy0YHQtdC8LCDQvdC+INC40YHQutGA0LXQvdC90LUg0LbQtdC70LDRjtGJ0LjQvCDQvdCw0YPRh9C40YLRjNGB0Y8uDQotINC00LXQudGB0YLQstGD0Y7RidC40Lwg0YHRgtC+0LrQtdGA0LDQvCwg0LrQvtGC0L7RgNGL0Lwg0L3Rg9C20LXQvSDRjdGE0YTQtdC60YLQuNCy0L3Ri9C5INC40L3RgdGC0YDRg9C80LXQvdGCINC00LvRjyDRgdC+0LfQtNCw0L3QuNGPICZsZHF1bzvRiNGD0LzQsCDQv9GA0L7QtNCw0LYmcmRxdW87DQoNCg0KPGI+0JrQvtCz0LTQsD88L2I+DQoNCjxiPjQg0L3QvtGP0LHRgNGPPC9iPiAyMDEzINCz0L7QtNCwLA0K0L/QvtC90LXQtNC10LvRjNC90LjQuiwNCtCyIDxiPjE5OjAwPC9iPiDQv9C+INCa0LjQtdCy0YHQutC+0LzRgyDQstGA0LXQvNC10L3QuC4NCg0KDQo8Yj7QmtCw0Log0L/QvtGD0YfQsNGB0YLQstC+0LLQsNGC0Yw/PC9iPg0KDQrQntGB0YLQsNCy0Ywg0YHQstC+0Y4g0L/QvtGH0YLRgyA8YSBocmVmPSJodHRwOi8vZWVwdXJsLmNvbS9IUUVaNSIgdGFyZ2V0PSJfYmxhbmsiPtGC0YPRgjwvYT4g0Lgg0YLQtdCx0LUg0L/RgNC40LTQtdGCINC/0LjRgdGM0LzQvi4NCtCi0LDQvCDQsdGD0LTQtdGCINCy0YHRjyDQuNC90YTQsCDRgSDRj9Cy0LrQsNC80Lgg0Lgg0L/QsNGA0L7Qu9GP0LzQuCA6KQ0KDQohX9CS0JDQltCd0J5fISANCg0K0KDQtdCx0Y/Rgiwg0YMg0YHQtdGA0LLQuNGB0LAgTWFpbENoaW1wINC10YHRgtGMINC30LDQtNC10YDQttC60LAg0LIg0L7RgtC/0YDQsNCy0LrQtSDQv9C40YHQtdC8LiANCtCi0LDQutC20LUg0L/QuNGB0YzQvNC+INGBINCx0L7Qu9GM0YjQvtC5INCy0LXRgNC+0Y/RgtC90L7RgdGC0YzRjiDQvNC+0LbQtdGCINC+0LrQsNC30LDRgtGM0YHRjyDQsiDRgdC/0LDQvNC1IC0g0LjQty3Qt9CwINGB0L/QtdGG0LjRhNC40YfQtdGB0LrQvtCz0L4g0L3QsNC30LLQsNC90LjRjyA6KQ0K0JIg0L7QsdGJ0LXQvCDRjyDQvdCwINGB0LLRj9C30LgsINC10YHQu9C4INGH0YLQviAtINC/0LjRiNC40YLQtSDQsiDQutC+0LzQvNC10L3RgtGLLg0KDQo8Yj4hX9CS0JDQltCd0JXQlSDQktCQ0JbQndCe0JPQnl8hPC9iPg0KDQoxKSDQryDQvtGB0YLQsNCy0LjQuyDQutC+0LzQvNC10L3RgtCw0YDQuNC5INC6INC/0L7RgdGC0YMuINCV0YHQu9C4INC60L7QvNGDLdGC0L4g0L3QtSDQv9GA0LjRiNC70L4g0L/QuNGB0YzQvNC+LCDQv9C+0LbQsNC70YPQudGB0YLQsCwg0L/QvtCy0YLQvtGA0LjRgtC1INGB0LLQvtGOINC/0YDQvtGB0YzQsdGDINC90LAg0LTQvtCx0LDQstC70LXQvdC40LUg0LLRgNGD0YfQvdGD0Y4g0LrQsNC6INC+0YLQstC10YIg0L3QsCDQutC+0LzQvNC10L3RgtCw0YDQuNC5ICjRh9GC0L7QsdGLINCy0YHQtSDQsdGL0LvQviDQsiDQvtC00L3QvtC5INCy0LXRgtC60LUpDQoyKSDQodGB0YvQu9C60YMg0L3QsCDQvtC90LvQsNC50L0g0LrQsNGB0YIg0Lgg0L/QsNGA0L7Qu9GMINC00L7RgdGC0YPQv9CwINGPINCy0YvRiNC70Y4g0L7RgNC40LXQvdGC0LjRgNC+0LLQvtGH0L3QviDQsiDRgdGD0LHQsdC+0YLRgyDQstC10YfQtdGA0L7QvCAo0JrQuNC10LLRgdC60L7QtSDQstGA0LXQvNGPLCBVVEMrMykNCjMpINCh0LXQudGH0LDRgSDQvdCwINC60LDRgdGCINC30LDQv9C40YHQsNC70L7RgdGMIDQwMCDRh9C10LvQvtCy0LXQuiEg0K3RgtC+INC+0YfQtdC90Ywg0LLQvtC+0LTRg9GI0LXQstC70Y/QtdGCOikg0JXRgdC70Lgg0Log0L/QvtC90LXQtNC10LvRjNC90LjQutGDINC90LDQsdC10YDQtdGC0YHRjyA1MDArINGPINC+0LHQtdGJ0LDRjiDQtNCw0YLRjCDQstC+0LfQvNC+0LbQvdC+0YHRgtGMINCy0LTQvtCy0L7Qu9GMINC/0L7QvNGD0YfQsNGC0Ywg0YHQtdCx0Y8g0LLQvtC/0YDQvtGB0LDQvNC4KSANCg0KPGI+PHU+ISFf0KHQo9Cf0JXQoCDQktCQ0JbQndCeXyEhPC91PjwvYj4NCg0K0KHQtdCz0L7QtNC90Y8sINCyINCy0L7RgdC60YDQtdGB0LXQvdGM0LUsINCyIDJwbSDQsdGL0LvQuCDQvtGC0L/RgNCw0LLQu9C10L3RiyDQstGB0LUg0Y/QstC60Lgv0L/QsNGA0L7Qu9C4Lg0K0J/RgNC+0LLQtdGA0Y/QudGC0LUg0L/QvtGH0YLRgywg0YHQv9Cw0Lwg0Lgg0LjQttC1INGBINC90LjQvNC4LiDQldGB0LvQuCDRh9GC0L4t0YLQviDQvdC1INGC0LDQuiDQv9C40YjQuNGC0LUg0LIg0LrQvtC80LzQtdC90YLRiy4NCtCU0L4g0LfQsNCy0YLRgNCwIQ0KDQo8Yj48dT7QntGC0LvQuNGH0L3Ri9GFINCy0YHQtdC8INCy0YvRhdC+0LTQvdGL0YUhPC91PjwvYj4gDQoNCtCR0YPQtNGDINC/0YDQuNC30L3QsNGC0LXQu9C10L0g0LfQsCDRgNC10L/QvtGB0YLRiyDQsiDRgdC+0YbRgdC10YLRj9GFLg0K0KPRh9Cw0YHRgtC40LUg0LTQu9GPINCy0YHQtdGFINCx0YPQtNC10YIgPGI+0LDQsdGB0L7Qu9GO0YLQvdC+INCx0LXRgdC/0LvQsNGC0L3QviE8L2I+DQo8IS0tRW5kIG1jX2VtYmVkX3NpZ251cC0tPg0KPGxqLWxpa2UgLz4="
"eventtime","2013-10-24 11:05:00"
"url","http://kotkoa.livejournal.com/77681.html"
"userid","3425"
"itemid","303"
"event","PGltZyBhbHQ9IlNjcmVlbnNob3RfNyIgaGVpZ2h0PSI0MDAiIHNyYz0iaHR0cDovL2ljLnBpY3MubGl2ZWpvdXJuYWwuY29tL2tvdGtvYS8xNzA3OTg2MS8zNTg2NS8zNTg2NV9vcmlnaW5hbC5qcGciIHRpdGxlPSJTY3JlZW5zaG90XzciIHdpZHRoPSI2MDAiIC8+DQoNCtCf0YDQuNCy0LXRgiDQstGB0LXQvCDRgdGC0L7QutC10YDQsNC8LiDQn9C+0YHQu9C1INGD0YHQv9C10YjQvdC+0LPQviDQtNC10LHRjtGC0LAg0Y8g0YDQtdGI0LjQuyDQv9GA0L7QstC+0LTQuNGC0Ywg0LjQvdC+0LPQtNCwINC60LDRgdGC0YsuDQoNCjxiPtCf0LXRgNCy0YvQuSDQsdGD0LTQtdGCINC/0L4g0YLQtdC80LU6PC9iPiAmcXVvdDvQl9Cw0LPRgNGD0LfQutCwINC60LDRgNGC0LjQvdC+0Log0L3QsCDQstGB0LUg0YHRgtC+0LrQuCZxdW90Ow0KDQo8Yj7QktGA0LXQvNGPINC/0YDQvtCy0LXQtNC10L3QuNGPOjwvYj4g0J/QvtC90LXQtNC10LvRjNC90LjQuiwgMjgg0L7QutGC0Y/QsdGA0Y8sIDE5OjMwICjQv9C+INCa0LjQtdCy0YMpLg0KDQo8YiBzdHlsZT0ibGluZS1oZWlnaHQ6IDEuNDsiPtCk0L7RgNC80LDRgiDQv9GA0L7QstC10LTQtdC90LjRjzogPC9iPg0K0JrQsNGB0YIg0LHRg9C00LXRgiDQv9GA0L7QstC+0LTQuNGC0YzRgdGPINCyINGE0L7RgNC80LDRgtC1INC00LjQsNC70L7Qs9CwLiDQpdC+0YfRgyDQv9C+0YLRgNC10L3QuNGA0L7QstCw0YLRjCDRgdCy0L7QuCDQvdCw0LLRi9C60Lgg0L7RgNCw0YLQvtGA0YHQutC+0LPQviDQvNCw0YHRgtC10YDRgdGC0LLQsCDQuCDQv9C+0LTQtdC70LjRgtGM0YHRjyDQt9C90LDQvdC40Y/QvNC4LiDQlNC70Y8g0YPRh9Cw0YHRgtC40Y8g0LPQvtGC0L7QstGM0YLQtSDQstC+0L/RgNC+0YHRiyDQt9Cw0YDQsNC90LXQtS4g0J/QuNGI0LjRgtC1INC40YUg0LIg0LrQvtC80LzQtdC90YLQsNGFLiDQmtCw0YHRgiDQsdGD0LTQtdGCINC30LDQv9C40YHRi9Cy0LDRgtGM0YHRjywg0L/QvtGN0YLQvtC80YMg0LfQsCDQstC+0L/RgNC+0YE6ICZxdW90O9CQINCx0YPQtNC10YIg0LvQuCDQt9Cw0L/QuNGB0Yw/JnF1b3Q7IC0g0YDQsNGB0YHRgtGA0LXQuy4gOikg0YjRg9GH0YMNCg0KPGI+0J4g0YfQtdC8INGA0LDRgdGB0LrQsNC3OjwvYj4NCtCvINGA0LDRgdGB0LrQsNC20YMg0L4g0YHQstC+0LXQuSDRgdC40YHRgtC10LzQtSDQt9Cw0LPRgNGD0LfQutC4INC90LAg0YHRgtC+0LrQuC4g0J4g0L/QvtGC0LXQvdGG0LjQsNC70LUg0L/RgNC+0LPRgNCw0LzQvCDQsNCy0YLQvtC80LDRgtC40YfQtdGB0LrQvtC5INC30LDQs9GA0YPQt9C60Lgg0YLQsNC60LjRhSAmbmJzcDvQutCw0Log0J7QutGC0L7Qv9GD0YEg0Lgg0KHRgtC+0LrRgdCw0LHQvNC40YLRgtC10YAuDQrQniDQstC+0LfQvNC+0LbQvdC+0YHRgtGP0YUgKNGH0LjRgtCw0YUpINC40YUg0YHQvtCy0LzQtdGB0YLQvdC+0LPQviDQuNGB0L/QvtC70YzQt9C+0LLQsNC90LjRjy4g0Jgg0L7RgtCy0LXRh9GDINC90LAg0LLQsNGI0Lgg0LLQvtC/0YDQvtGB0YsuDQoNCjxiPtCU0LvRjyDRg9GH0LDRgdGC0LjRjzogPC9iPg0KMS4g0KfQuNGC0LDRgtGMINC80LXQvdGPINCyINCW0LYuDQoyLiDQoNC10L/QvtGB0YIg0LTRgNGD0LfRjNGP0Lwg0YHRgtC+0LrQtdGA0LDQvC4NCg0KPGI+0KPRh9Cw0YHRgtC40LUg0LHQtdGB0L/Qu9Cw0YLQvdC+LiA8L2I+DQrQkCDQtdGB0LvQuCDQv9C+0L3RgNCw0LLQuNGC0YHRjywg0YLQviDQsdGD0LTQtdGCINCy0L7Qt9C80L7QttC90L7RgdGC0Ywg0L7RgtCx0LvQsNCz0L7QtNCw0YDQuNGC0Ywg0LvQtdC60YLQvtGA0LAuDQrQntCx0YDQsNC30LXRhiDQutC90L7Qv9C60LggOikNCjxpbWcgYWx0PSIiIGJvcmRlcj0iMCIgc3JjPSJodHRwczovL3d3dy5wYXlwYWxvYmplY3RzLmNvbS93ZWJzdGF0aWMvbWt0Zy9tZXJjaGFudC9wYWdlcy9kb25hdGlvbnMvZG9uYXRlX2hhbmQucG5nIiB0aXRsZT0iIiB3aWR0aD0iMjAwIiAvPg0KPGI+0JzQtdGB0YLQviDQv9GA0L7QstC10LTQtdC90LjRjzogPC9iPjxhIGhyZWY9Imh0dHA6Ly93d3cudHdpdGNoLnR2L2tvdGtvYW5hbHl0aWNzIj5odHRwOi8vd3d3LnR3aXRjaC50di9rb3Rrb2FuYWx5dGljczwvYT4NCtCU0L7RgdGC0YPQvzog0YHQu9C10LTQuNGC0LUg0LfQsCDQltC2LiDQn9Cw0YDQvtC70Ywg0LHRg9C00LXRgiDQsiDQv9C+0L3QtdC00LXQu9GM0L3QuNC6Lg0KDQrQndGDINC4INC00LvRjyDQv9GA0L7RgdGC0L7RgtGLINC/0LXRgNC10L/QvtGB0YLQvtCyOg0KDQo8bGotbGlrZSBidXR0b25zPSJyZXBvc3QsZmFjZWJvb2ssdHdpdHRlcixnb29nbGUsdmtvbnRha3RlLHN1cmZpbmdiaXJkLHR1bWJscixsaXZlam91cm5hbCIgLz4NCg0KPGI+VXBkOjwvYj4g0L/QsNGA0L7Qu9GMIDxhIGhyZWY9Imh0dHA6Ly9rb3Rrb2EubGl2ZWpvdXJuYWwuY29tLzc4MzE2Lmh0bWwiIHRhcmdldD0iX2JsYW5rIj7RgtGD0YI8L2E+"
"eventtime","2013-10-09 21:40:00"
"url","http://pajasu.livejournal.com/1192654.html"
"userid","3425"
"itemid","4658"
"event","PGltZyBzcmM9Imh0dHA6Ly9wYWphc3UuY29tL2xqL2Fub3VuY2UtZ3JhcGhpY3NzcGVjaWFsLnBuZyI+DQoNCtCt0YLQviDQvdC10L7QsdGL0YfQvdGL0Lkg0LrQsNGB0YIuINCR0LXQtyDQu9C10LrRhtC40LgsINCx0LXQtyDQv9GA0LDQutGC0LjQutC4LiDQn9GA0L7RgdGC0L4g0LTQtdGB0Y/RgtC40LvQtdGC0L3Rj9GPINC40YHRgtC+0YDQuNGPINCz0YDQsNGE0LjQutC4INCyINGA0YPRgdGB0LrQvtGP0LfRi9GH0L3QvtC8INC/0YDQvtGB0YLRgNCw0L3RgdGC0LLQtSwg0LfQsCDQutC+0YLQvtGA0L7QuSDRjyDQvdCw0YfQsNC7INGB0LvQtdC00LjRgtGMINC10YnQtSDQtNC+INGC0L7Qs9C+LCDQutCw0Log0YMg0LzQtdC90Y8g0L/QvtGP0LLQuNC70YHRjyDRgdC+0LHRgdGC0LLQtdC90L3Ri9C5INC60L7QvNC/0YzRjtGC0LXRgC4NCg0K0KPRgdC70L7QstC40Y8g0L7QsdGL0YfQvdGL0LU6DQoNCjEuINCf0LjQsNGAINGN0YLQvtCz0L4g0L/QvtGB0YLQsCDQstC60L7QvdGC0LDQutGC0LUsINGE0LXQudGB0LHRg9C60LUsINC20LYg0LjQu9C4INGC0LLQuNGC0YLQtdGA0LUuDQoyLiDQn9C+0YfRgtCwINCyINC60L7QvNC10L3RgtGLICjRgdC60YDRi9Cy0LDQtdGC0YHRjykuDQoNCjxsai1saWtlIC8+"
"userid","3425"
"itemid","144"
"event","<img src=""http://farm7.static.flickr.com/6120/6210678529_4ca835cf29_b.jpg"" />"
"eventtime","2011-10-04 17:54:00"
"current_moodid","68"
"url","http://d-e-s-e-i-s.livejournal.com/37036.html"
"userid","3425"
"itemid","143"
"event","<img src=""http://farm7.static.flickr.com/6153/6207104320_e7ba36e3b6_b.jpg"" />"
"eventtime","2011-10-03 12:44:00"
"current_moodid","84"
"url","http://d-e-s-e-i-s.livejournal.com/36839.html"
"userid","3425"
"itemid","142"
"event","<a href=""http://www.flickr.com/photos/deseis/6191685268/"" title=""Light by Deseis, on Flickr""><img src=""http://farm7.static.flickr.com/6166/6191685268_09c86688b4_b.jpg"" width=""1001"" height=""666"" alt=""Light""></a>"
"eventtime","2011-09-28 13:06:00"
"current_moodid","126"
"url","http://d-e-s-e-i-s.livejournal.com/36454.html"
"userid","3425"
"itemid","141"
"event","<a href=""http://500px.com/photo/2194533""><img src=""http://djlhggipcyllo.cloudfront.net/2194533/247c2c5467b66b41ba31ef9665ad67d9e8bf4191/4.jpg"" alt=""loneliness by Alex Voronin (Deseis)) on 500px.com"" border=""0"" style=""margin: 0 0 5px 0;""></a>
<font style=""font-size: 120%;""><a href=""http://500px.com/photo/2194533"">loneliness</a> by <a href=""http://500px.com/Deseis"">Alex Voronin</a></font>

<lj-embed id=""20""/>"
"eventtime","2011-09-28 11:26:00"
"current_moodid","68"
"url","http://d-e-s-e-i-s.livejournal.com/36196.html"
"userid","3425"
"itemid","140"
"event","<a title=""Sunny spring | 1 by Deseis, on Flickr"" href=""http://www.flickr.com/photos/deseis/5753636493/""><img width=""602"" height=""904"" alt=""Sunny spring | 1"" src=""http://farm4.static.flickr.com/3010/5753636493_671359ebe4_b.jpg"" /></a>"
"eventtime","2011-05-27 22:04:00"
"current_moodid","68"
"url","http://d-e-s-e-i-s.livejournal.com/35960.html"
"userid","3425"
"itemid","139"
"event","<a href=""http://www.flickr.com/photos/deseis/5754094546/"" title=""Green spring by Deseis, on Flickr""><img src=""http://farm4.static.flickr.com/3010/5754094546_8df4d7d04e_b.jpg"" width=""1001"" height=""666"" alt=""Green spring""></a>"
"eventtime","2011-05-24 10:48:00"
"current_moodid","126"
"url","http://d-e-s-e-i-s.livejournal.com/35628.html"
"userid","3425"
"itemid","137"
"event","0Jgg0LrQvtGA0L7RgtC60L4g0L4g0LPQu9Cw0LLQvdC+0LwuDQrQltCWINGE0L7RgNC80LDRgiDRgdGC0LDQuyDQutCw0Log0YLQviDQvdC1INGB0L7QstGB0LXQvCDQvdGD0LbQtdC9LCDQsCDRgtC+0YfQvdC10LUg0YHQvtCy0YHQtdC8INC90LUg0L3Rg9C20LXQvS4g0KLQstC40YLRgtC10YAg0LfQsNC/0L7Qu9C+0L3Rj9C10YIg0L/Qu9Cw0L3QtdGC0YMhDQoNCtCSINGB0LLRj9C30Lgg0YEg0Y3RgtC40Lwg0LLRgdC10YUg0YEg0J3Qkywg0YPQstC40LTQuNC80YHRjyDQsiAyMDExLdC+0Lwh"
"eventtime","2010-12-30 12:31:00"
"current_moodid","126"
"url","http://d-e-s-e-i-s.livejournal.com/35208.html"
"userid","3425"
"itemid","136"
"event","T3JpZ2luYWxseSBwb3N0ZWQgYnkgPGxqIHVzZXI9InRhbnlhX2thbW5lcmV6Ij4gYXQgPGEgaHJlZj0iaHR0cDovL3RhbnlhLWthbW5lcmV6LmxpdmVqb3VybmFsLmNvbS8zNTk4OS5odG1sIj7QkNCa0KbQmNCvICZxdW90O9CS0KvQmNCT0KDQkNCZINCa0J7QotCQISZxdW90OzwvYT48ZGl2IGNsYXNzPSJyZXBvc3QiPjxkaXYgc3R5bGU9IlRFWFQtQUxJR046IGNlbnRlciI+0JIg0LDQutGG0LjQuCDRg9GH0LDRgdGC0LLRg9GO0YIgPHN0cm9uZz48dT7RgdC10LzRjCAoNyk8L3U+IDwvc3Ryb25nPiZuYnNwO9C60LDQvNC10L3QvdGL0YUg0LrQvtGC0LjQutC+0LIuINCf0L7QsdC10LTQuNGC0LXQu9C10Lkg0LHRg9C00LXRgiA8Yj48dT7RgtGA0L7QtTwvdT48L2I+INC4INC+0L3QuCDRgdC80L7Qs9GD0YIgPGI+PHU+0LLRi9Cx0YDQsNGC0Yw8L3U+PC9iPiDQv9C+INC+0LTQvdC+0LzRgyDQutC+0YLQuNC60YMg0LrQsNC20LTRi9C5LiDQntC/0YDQtdC00LXQu9GP0YLRgdGPJm5ic3A70L/QvtCx0LXQtNC40YLQtdC70Lgg0YEg0L/QvtC80L7RidGM0Y4g0LPQtdC90LXRgNCw0YLQvtGA0LAg0YHQu9GD0YfQsNC50L3Ri9GFINGH0LjRgdC10LsuINCf0LXRgNCy0YvQuSDQstGL0LHRgNCw0L3QvdGL0Lkg0LPQtdC90LXRgNCw0YLQvtGA0L7QvCDQvdC+0LzQtdGAINCy0YvQsdC40YDQsNC10YIg0LrQvtGC0LAg0L/QtdGA0LLRi9C8LCDQstGC0L7RgNC+0LkgLSDQstGC0L7RgNGL0LwsINC4LCDRgdC+0L7RgtCy0LXRgtGB0YLQstC10L3QvdC+LCDRgtGA0LXRgtC40Lkg0YLRgNC10YLRjNC40LwuINCf0L7QsdC10LTQuNGC0LXQu9C4INCx0YPQtNGD0YIg0L7QsdGK0Y/QstC70LXQvdGLJm5ic3A7Mjgg0L3QvtGP0LHRgNGPLjxiciAvPjxiciAvPjxiciAvPjxpbWcgdGl0bGU9ItCS0YvQuNCz0YDQsNC5INC60L7RgtCwIiBoZWlnaHQ9IjE4MSIgYWx0PSIiIHdpZHRoPSIzNDIiIHNyYz0iaHR0cDovL3BpY3MubGl2ZWpvdXJuYWwuY29tL3RhbnlhX2thbW5lcmV6L3BpYy8wMDF0MTg0ZCIgLz48YnIgLz48YnIgLz48YnIgLz48YnIgLz48YnIgLz7Qp9GC0L4g0LHRiyDQstGL0LjQs9GA0LDRgtGMINC60L7RgtC40LrQsCDQvdGD0LbQvdC+OjxiciAvPjxzdHJvbmc+MTwvc3Ryb25nPi4g0JHRi9GC0Ywg0LfQsNGA0LXQs9C40YHRgtGA0LjRgNC+0LLQsNC90L3Ri9C8INC/0L7Qu9GM0LfQvtCy0LDRgtC10LvQtdC8INCW0LjQstC+0LPQviDQltGD0YDQvdCw0LvQsDxiciAvPjxzdHJvbmc+Mjwvc3Ryb25nPi4g0JTQviAyNyDQvdC+0Y/QsdGA0Y8g0JLRi9C70L7QttC40YLRjCDQsdCw0L3QvdC10YAg0LIg0YHQstC+0Lkg0LbRg9GA0L3QsNC7LCDQvdCw0LbQsNCyICZuYnNwO9C90LAg0LrQvdC+0L/QutGDINC/0L7QtCDQsdCw0L3QvdC10YDQvtC8INGBINC90LDQtNC/0LjRgdGM0Y4gJnF1b3Q70JLQq9CY0JPQoNCQ0KLQrCDQmtCe0KLQkCEmcXVvdDs8YnIgLz48c3Ryb25nPjM8L3N0cm9uZz4uINCe0YLQvNC10YLQuNGC0YzRgdGPINCyINC60L7QvNC80LXQvdGC0LDRgNC40Y/RhSA8dT7RgdC+INGB0YHRi9C70LrQvtC5Jm5ic3A70L3QsCDQv9C10YDQtdC/0L7RgdGCINCyINCS0LDRiNC10Lwg0LbRg9GA0L3QsNC70LU8L3U+Jm5ic3A70Lgg0L/QvtC70YPRh9C40YLRjCDQvdC+0LzQtdGAINGD0YfQsNGB0YLQvdC40LrQsCDQsNC60YbQuNC4PGJyIC8+PHN0cm9uZz40PC9zdHJvbmc+LiDQl9Cw0Y/QstC60Lgg0L3QsCDRg9GH0LDRgdGC0LjQtSDQv9GA0LjQvdC40LzQsNGO0YLRgdGPJm5ic3A70LTQviDRgdGD0LHQsdC+0YLRiyAyNyDQvdC+0Y/QsdGA0Y8g0LLQutC70Y7Rh9C40YLQtdC70YzQvdC+LCDQtNC+Jm5ic3A7MjIuMDAg0L/QviDQnNC+0YHQutC+0LLRgdC60L7QvNGDINCy0YDQtdC80LXQvdC4LjxiciAvPjxzdHJvbmc+NTwvc3Ryb25nPi4g0JTQvtGB0YLQsNCy0LrQsCZuYnNwO9C30LLQtdGA0Y8g0L7RgdGD0YnQtdGB0YLQstC70Y/QtdGC0YHRjyDQt9CwINCS0LDRiCDRgdGH0ZHRgiwg0YHQsNC80YvQvCDQv9GA0L7RgdGC0YvQvCDQuCDRg9C00L7QsdC90YvQvCDQtNC70Y8g0JLQsNGBINGB0L/QvtGB0L7QsdC+0LwuPGJyIC8+PGJyIC8+PGJyIC8+0KLQsNC6INC20LUg0LzQvtC20L3QviA8YiBjbGFzcz0ibGpjdXQtbGluayI+KCZuYnNwOzxhIGhyZWY9Imh0dHA6Ly90YW55YS1rYW1uZXJlei5saXZlam91cm5hbC5jb20vMzU5ODkuaHRtbCNjdXRpZDEiPtCf0L7Qt9C90LDQutC+0LzQuNGC0YzRgdGPINGBINC60L7RgtC10LnQutCw0LzQuCDQv9C10YDRgdC+0L3QsNC70YzQvdC+PC9hPiZuYnNwOyk8L2I+PGZvcm0gYWN0aW9uPSJodHRwOi8vd3d3LmxpdmVqb3VybmFsLmNvbS91cGRhdGUuYm1sIiBtZXRob2Q9IlBPU1QiPg0KICAgICAgICAgICAgICAgICAgICAgICAgPGRpdiBzdHlsZT0iZGlzcGxheTpub25lO3Zpc2libGU6ZmFsc2UiPg0KICAgICAgICAgICAgICAgICAgICAgICAgPGlucHV0IHR5cGU9InRleHQiIG5hbWU9InN1YmplY3QiIHZhbHVlPSLQkNCa0KbQmNCvICZxdW90O9CS0KvQmNCT0KDQkNCZINCa0J7QotCQISZxdW90OyIgLz4NCiAgICAgICAgICAgICAgICAgICAgICAgIDx0ZXh0YXJlYSBuYW1lPSJldmVudCI+T3JpZ2luYWxseSBwb3N0ZWQgYnkgJmx0O2xqIHVzZXI9JnF1b3Q7dGFueWFfa2FtbmVyZXomcXVvdDsmZ3Q7IGF0ICZsdDthIGhyZWY9JnF1b3Q7aHR0cDovL3RhbnlhLWthbW5lcmV6LmxpdmVqb3VybmFsLmNvbS8zNTk4OS5odG1sJnF1b3Q7Jmd0O9CQ0JrQptCY0K8gJmFtcDtxdW90O9CS0KvQmNCT0KDQkNCZINCa0J7QotCQISZhbXA7cXVvdDsmbHQ7L2EmZ3Q7Jmx0O2RpdiBjbGFzcz0mcXVvdDtyZXBvc3QmcXVvdDsmZ3Q7Jmx0O2JyIC8mZ3Q7Jmx0O2JyIC8mZ3Q70KfRgtC+INCx0Ysg0LLRi9C40LPRgNCw0YLRjCDQutC+0YLQuNC60LAg0L3Rg9C20L3QvjombHQ7YnIgLyZndDsmbHQ7c3Ryb25nJmd0OzEmbHQ7L3N0cm9uZyZndDsuINCR0YvRgtGMINC30LDRgNC10LPQuNGB0YLRgNC40YDQvtCy0LDQvdC90YvQvCDQv9C+0LvRjNC30L7QstCw0YLQtdC70LXQvCDQltC40LLQvtCz0L4g0JbRg9GA0L3QsNC70LAmbHQ7YnIgLyZndDsmbHQ7c3Ryb25nJmd0OzImbHQ7L3N0cm9uZyZndDsuINCU0L4gMjcg0L3QvtGP0LHRgNGPINCS0YvQu9C+0LbQuNGC0Ywg0LHQsNC90L3QtdGAINCyINGB0LLQvtC5INC20YPRgNC90LDQuywg0L3QsNC20LDQsiAmYW1wO25ic3A70L3QsCDQutC90L7Qv9C60YMg0L/QvtC0INCx0LDQvdC90LXRgNC+0Lwg0YEg0L3QsNC00L/QuNGB0YzRjiAmYW1wO3F1b3Q70JLQq9CY0JPQoNCQ0KLQrCDQmtCe0KLQkCEmYW1wO3F1b3Q7Jmx0O2JyIC8mZ3Q7Jmx0O3N0cm9uZyZndDszJmx0Oy9zdHJvbmcmZ3Q7LiDQntGC0LzQtdGC0LjRgtGM0YHRjyDQsiDQutC+0LzQvNC10L3RgtCw0YDQuNGP0YUgJmx0O3UmZ3Q70YHQviDRgdGB0YvQu9C60L7QuSZhbXA7bmJzcDvQvdCwINC/0LXRgNC10L/QvtGB0YIg0LIg0JLQsNGI0LXQvCDQttGD0YDQvdCw0LvQtSZsdDsvdSZndDsmYW1wO25ic3A70Lgg0L/QvtC70YPRh9C40YLRjCDQvdC+0LzQtdGAINGD0YfQsNGB0YLQvdC40LrQsCDQsNC60YbQuNC4Jmx0O2JyIC8mZ3Q7Jmx0O3N0cm9uZyZndDs0Jmx0Oy9zdHJvbmcmZ3Q7LiDQl9Cw0Y/QstC60Lgg0L3QsCDRg9GH0LDRgdGC0LjQtSDQv9GA0LjQvdC40LzQsNGO0YLRgdGPJmFtcDtuYnNwO9C00L4g0YHRg9Cx0LHQvtGC0YsgMjcg0L3QvtGP0LHRgNGPINCy0LrQu9GO0YfQuNGC0LXQu9GM0L3Qviwg0LTQviZhbXA7bmJzcDsyMi4wMCDQv9C+INCc0L7RgdC60L7QstGB0LrQvtC80YMg0LLRgNC10LzQtdC90LguJmx0O2JyIC8mZ3Q7Jmx0O3N0cm9uZyZndDs1Jmx0Oy9zdHJvbmcmZ3Q7LiDQlNC+0YHRgtCw0LLQutCwJmFtcDtuYnNwO9C30LLQtdGA0Y8g0L7RgdGD0YnQtdGB0YLQstC70Y/QtdGC0YHRjyDQt9CwINCS0LDRiCDRgdGH0ZHRgiwg0YHQsNC80YvQvCDQv9GA0L7RgdGC0YvQvCDQuCDRg9C00L7QsdC90YvQvCDQtNC70Y8g0JLQsNGBINGB0L/QvtGB0L7QsdC+0LwuJmx0O2JyIC8mZ3Q7Jmx0O2JyIC8mZ3Q7Jmx0O2JyIC8mZ3Q70KLQsNC6INC20LUg0LzQvtC20L3QviAmbHQ7YiBjbGFzcz0mcXVvdDtsamN1dC1saW5rJnF1b3Q7Jmd0OygmYW1wO25ic3A7Jmx0O2EgaHJlZj0mcXVvdDtodHRwOi8vdGFueWEta2FtbmVyZXoubGl2ZWpvdXJuYWwuY29tLzM1OTg5Lmh0bWwjY3V0aWQxJnF1b3Q7Jmd0O9Cf0L7Qt9C90LDQutC+0LzQuNGC0YzRgdGPINGBINC60L7RgtC10LnQutCw0LzQuCDQv9C10YDRgdC+0L3QsNC70YzQvdC+Jmx0Oy9hJmd0OyZhbXA7bmJzcDspJmx0Oy9iJmd0OyZsdDsvZGl2Jmd0OyZsdDtici8mZ3Q7PC90ZXh0YXJlYT4NCiAgICAgICAgICAgICAgICAgICAgICAgIDwvZGl2Pg0KICAgICAgICAgICAgICAgICAgICAgICAgPGlucHV0IHR5cGU9InN1Ym1pdCIgdmFsdWU9ItCS0KvQmNCT0KDQkNCi0Kwg0JrQntCi0JAhIiAvPjwvZm9ybT48L2Rpdj48L2Rpdj48YnIvPg=="
"eventtime","2010-11-24 00:07:00"
"url","http://d-e-s-e-i-s.livejournal.com/34847.html"
"userid","3425"
"itemid","135"
"event","<img src=""http://farm2.static.flickr.com/1248/5104607976_88156ce170_b.jpg"" />"
"eventtime","2010-10-29 17:42:00"
"current_moodid","126"
"url","http://d-e-s-e-i-s.livejournal.com/34647.html"
"userid","3425"
"itemid","134"
"event","<img src=""http://farm2.static.flickr.com/1165/5104607962_7b0ed82319_b.jpg"" />"
"eventtime","2010-10-27 16:56:00"
"url","http://d-e-s-e-i-s.livejournal.com/34551.html"
"userid","3425"
"itemid","133"
"event","PGltZyBzcmM9Imh0dHA6Ly9mYXJtMi5zdGF0aWMuZmxpY2tyLmNvbS8xMzgxLzUxMDM5NDgyODlfZDA3ZTk4ZGVmMF96LmpwZyIgLz4NCg0KPGxqLWN1dCB0ZXh0PSLQldGJ0LUg0YLRgNC4INC60LLQsNC00YDQsNGC0L3Ri9GFIj4gDQoNCjxpbWcgc3JjPSJodHRwOi8vZmFybTIuc3RhdGljLmZsaWNrci5jb20vMTA5Mi81MTAzOTQ4Mjk3X2QzMGU1NzJiNzVfei5qcGciIC8+DQoNCjxpbWcgc3JjPSJodHRwOi8vZmFybTIuc3RhdGljLmZsaWNrci5jb20vMTQxOS81MTA0NTQ5ODUyXzBhZWY0NjI4NGVfei5qcGciIC8+DQoNCjxpbWcgc3JjPSJodHRwOi8vZmFybTIuc3RhdGljLmZsaWNrci5jb20vMTE3Mi81MTAzOTQ4Mjk1X2VmNDM3NzJiYWNfei5qcGciIC8+DQoNCtCYINC+0LTQvdCwINC/0YDRj9C80L7Rg9Cz0L7Qu9GM0L3QsNGPDQoNCjxpbWcgc3JjPSJodHRwOi8vZmFybTIuc3RhdGljLmZsaWNrci5jb20vMTM2Ni81MTAzOTQ4MjkxXzI3ZWYwNzE3MTRfYi5qcGciIC8+"
"eventtime","2010-10-22 14:09:00"
"current_moodid","126"
"url","http://d-e-s-e-i-s.livejournal.com/34182.html"
"userid","3425"
"itemid","132"
"event","<a href='http://500px.com/photo/190152'><img src='http://photos.500px.com/190152/4'  alt='' border='0' style='margin: 0 0 5px 0;'></a><br/><div style='font-family:helvetica neue, verdana;font-size: 120%;'><a href='http://500px.com/photo/190152'>Evening light</a> by <a href='http://500px.com/Deseis'>Alex Voronin</a></div><div style='margin:4px 0 0 0;font-size:11px;font-family:helvetica neue, verdana;color:#666;'>Published on <a href='http://500px.com'>500px</a></div>"
"eventtime","2010-10-22 12:25:00"
"current_moodid","68"
"url","http://d-e-s-e-i-s.livejournal.com/34011.html"
"userid","3425"
"itemid","131"
"event","PHVsPiA8bGk+IDxhIGhyZWY9Imh0dHA6Ly90d2l0dGVyLmNvbS9EZXNlaXMvc3RhdHVzLzI3OTEzMTQ4OTAyIj48ZW0+0JLRgiwgMDg6NDI8L2VtPjwvYT46IFJhdmVuIDxhIGhyZWY9Imh0dHA6Ly9qLm1wL2Myc25TZiI+aHR0cDovL2oubXAvYzJzblNmPC9hPiA8L2xpPiA8bGk+IDxhIGhyZWY9Imh0dHA6Ly90d2l0dGVyLmNvbS9EZXNlaXMvc3RhdHVzLzI3OTEzMjcxODMxIj48ZW0+0JLRgiwgMDg6NDU8L2VtPjwvYT46INCn0YLQviDRgtC+INGA0LXQv9C+0YHRgiDRgtCy0LjRgtC+0LIg0LIg0LbQtiDQutCw0Log0YLQviDQvNC90LUg0L3QtSDQvdGD0LbQtdC9LiDQpdC+0YLRjyDRgNC10LDQu9C40LfQvtCy0LDQvdC+INGF0L7RgNC+0YjQvi4g0J7RgtC60LvRjtGH0LDRji4gPC9saT4gPGxpPiA8YSBocmVmPSJodHRwOi8vdHdpdHRlci5jb20vRGVzZWlzL3N0YXR1cy8yNzkxNDQzNjExNCI+PGVtPtCS0YIsIDA5OjEwPC9lbT48L2E+OiDQodC+0LLRgNC10LzQtdC90L3Ri9C1INGC0YDQuCDQsdC+0LPQsNGC0YvRgNGPOiDQmNC70YzRjyDQnNGD0YDQvtC80LXQvdGCLCDQlNC+0LHRgNGL0L3RjyDQn9C40LvQuNGC0LjRhyDQuCDQkNC70LXRiNCwINCf0YDQvtC40LfQstC+0LvQuNGHIDwvbGk+IDwvdWw+"
"eventtime","2010-10-20 18:13:00"
"url","http://d-e-s-e-i-s.livejournal.com/33724.html"
"userid","3425"
"itemid","130"
"event","<a href='http://500px.com/photo/187830'><img src='http://photos.500px.com/187830/4'  alt='' border='0' style='margin: 0 0 5px 0;'></a><br/><div style='font-family:helvetica neue, verdana;font-size: 120%;'><a href='http://500px.com/photo/187830'>Raven</a> by <a href='http://500px.com/Deseis'>Alex Voronin</a></div><div style='margin:4px 0 0 0;font-size:11px;font-family:helvetica neue, verdana;color:#666;'>Published on <a href='http://500px.com'>500px</a></div>"
"eventtime","2010-10-20 12:41:00"
"current_moodid","126"
"url","http://d-e-s-e-i-s.livejournal.com/33464.html"
"userid","3425"
"itemid","129"
"event","PHVsPiA8bGk+IDxhIGhyZWY9Imh0dHA6Ly90d2l0dGVyLmNvbS9EZXNlaXMvc3RhdHVzLzI3NzExMDI3MDU2Ij48ZW0+0JLRgSwgMDY6MzY8L2VtPjwvYT46INCf0YDQuNGF0L7QttGDINCyINC+0YTQuNGBLCDQsCDRgtGD0YIg0L/QuNGB0YzQvNC+INC/0L4g0LLQvdGD0YLRgC4g0L/QvtGH0YLQtTog0JLQsNGBINC/0YDQuNCz0LvQsNGI0LDRjtGCINC/0YDQvtC00LXQs9GD0YHRgtC40YDQvtCy0LDRgtGMINC60L7QvdGB0LXRgNCy0LjRgNC+0LLQsNC90L3Ri9C1INC/0YDQvtC00YPQutGC0Ys6INC+0LPRg9GA0YbRiywg0L/QvtC80LjQtNC+0YDRiyAo0YMg0L3QsNGBINC90LAg0LrRg9GF0L3QtSkgPC9saT4gPC91bD4="
"eventtime","2010-10-18 17:35:00"
"url","http://d-e-s-e-i-s.livejournal.com/33058.html"
"userid","3425"
"itemid","128"
"event","PHVsPiA8bGk+IDxhIGhyZWY9Imh0dHA6Ly90d2l0dGVyLmNvbS9EZXNlaXMvc3RhdHVzLzI3MzUyODMwMzY1Ij48ZW0+0KHRgCwgMTU6NDY8L2VtPjwvYT46INCf0YDQtdC60YDQsNGB0L3QuNGIISAtKSBSVCBAPGEgaHJlZj0iaHR0cDovL3R3aXR0ZXIuY29tL2FsZXhtYWsiPmFsZXhtYWs8L2E+OiBSVCBAPGEgaHJlZj0iaHR0cDovL3R3aXR0ZXIuY29tL2lseWFiaXJtYW4iPmlseWFiaXJtYW48L2E+OiBSVCBAPGEgaHJlZj0iaHR0cDovL3R3aXR0ZXIuY29tL2FzdHJhbGlhbiI+YXN0cmFsaWFuPC9hPjogUlQgQDxhIGhyZWY9Imh0dHA6Ly90d2l0dGVyLmNvbS9UaGVSZWRhIj5UaGVSZWRhPC9hPjog0KDQuNGC0YLQtdGA0YjQv9GA0L7Rgi4g0JrRgNGD0LPQu9C40YgsINC80LDRgdC70LjRiCwg0YDRi9CxLiA8L2xpPiA8bGk+IDxhIGhyZWY9Imh0dHA6Ly90d2l0dGVyLmNvbS9HT1JPRE9LL3N0YXR1cy8yNjg1MzI3NzAzMiI+PGVtPtCn0YIsIDA1OjE4PC9lbT48L2E+OiBSVCBAPGEgaHJlZj0iaHR0cDovL3R3aXR0ZXIuY29tL0dPUk9ET0siPkdPUk9ET0s8L2E+OiDQktC+0YIg0LzQvtC70L7QtNGR0LbRjCDQv9C+0YjQu9CwISDQlNC+0YfQutCwINCyIDE2INC70LXRgiDRiNC70Y/QtdGC0YHRjyDQstGB0Y4g0L3QvtGH0Ywg0L/QviDQtNC40YHQutC+0YLQtdC60LDQvCwg0YfRkdGA0YIg0LfQvdCw0LXRgiDRh9C10Lwg0LfQsNC90LjQvNCw0LXRgtGB0Y8sINCwINGA0L7QtNC90YPRjiDQvNCw0LzRgyDRgSAzMC3RgtC40LvQtdGC0LjQtdC8INC/IC4uLiA8L2xpPiA8bGk+IDxhIGhyZWY9Imh0dHA6Ly90d2l0dGVyLmNvbS9jaHVybm9zb2ZmL3N0YXR1cy8yNzQyOTMzMjE2MyI+PGVtPtCn0YIsIDEwOjUwPC9lbT48L2E+OiBSVCBAPGEgaHJlZj0iaHR0cDovL3R3aXR0ZXIuY29tL2NodXJub3NvZmYiPmNodXJub3NvZmY8L2E+OiDQndC10LLQtdGA0L7Rj9GC0L3Ri9C1INC/0YDQvtC00YPQutGC0Ysg0LLCoNCg0L7RgdGB0LjQuCAtINCa0YDQtdCw0YLQuNCy0L3Ri9C5INC+0LHQt9C+0YAgPGEgaHJlZj0iaHR0cDovL3QuY28vOURmRlVJeSI+aHR0cDovL3QuY28vOURmRlVJeTwvYT4gPC9saT4gPC91bD4="
"eventtime","2010-10-15 16:52:00"
"url","http://d-e-s-e-i-s.livejournal.com/32973.html"
"userid","3425"
"itemid","127"
"event","Li4uINCwINGD0LbQtSDRgdC10LPQvtC00L3RjyDigJMg0YXQvtC70L7QtNC90LDRjywg0LTQvtC20LTQu9C40LLQsNGPLCDQttC10LvRgtC+LdC60YDQsNGB0L3QsNGPINC+0YHQtdC90YwuLi4NCg0KPGEgaHJlZj0iaHR0cDovL3d3dy5mbGlja3IuY29tL3Bob3Rvcy9kZXNlaXMvNTAxMTM5NzExMi8iIHRpdGxlPSJNb3JuaW5nIHdhbGsgYnkgRGVzZWlzLCBvbiBGbGlja3IiPjxpbWcgc3JjPSJodHRwOi8vZmFybTUuc3RhdGljLmZsaWNrci5jb20vNDA4Ny81MDExMzk3MTEyX2Q3ZmY2ZTgzMjhfYi5qcGciIHdpZHRoPSI4MDIiIGhlaWdodD0iODAyIiBhbHQ9Ik1vcm5pbmcgd2FsayIgLz48L2E+DQoNCtCd0L4g0LXRgdGC0Ywg0YXQvtGA0L7RiNCw0Y8g0L3QvtCy0L7RgdGC0YwhINCc0L7QttC90L4g0LXRidC1INC90LXQvNC90L7Qs9C+INGB0L7Qs9GA0LXRgtGM0YHRjywg0LPQu9GP0LTRjyDQvdCwINGC0LXQv9C70YvQtSwg0YHQvtC70L3QtdGH0L3Ri9C1INGE0L7RgtC+0LPRgNCw0YTQuNC4INC/0L7QtCDQutCw0YLQvtC8Lg0KKNCQ0LrQutGD0YDQsNGC0L3QviwgOCDQvNCxISkNCg0KPGxqLWN1dCB0ZXh0PSJwdXNoIHB1c2giPiANCg0KPGltZyBzcmM9Imh0dHA6Ly9mYXJtNS5zdGF0aWMuZmxpY2tyLmNvbS80MTQ0LzUwMTQ2NjM2NDBfODMyZjg0YWI3NV9iLmpwZyIgLz4NCg0KPGltZyBzcmM9Imh0dHA6Ly9mYXJtNS5zdGF0aWMuZmxpY2tyLmNvbS80MTUyLzUwMTQ2NjM2NDRfZjIyZDEzOWNjOF9iLmpwZyIgLz4NCg0KPGltZyBzcmM9Imh0dHA6Ly9mYXJtNS5zdGF0aWMuZmxpY2tyLmNvbS80MTA1LzUwMTQ2NjM2NTBfZDIzMDEyMjZmZF9iLmpwZyIgLz4NCg0KPGltZyBzcmM9Imh0dHA6Ly9mYXJtNS5zdGF0aWMuZmxpY2tyLmNvbS80MTAzLzUwMTQ2NjM2NThfYzIyMjk1NTQyZV9iLmpwZyIgLz4NCg0KPGltZyBzcmM9Imh0dHA6Ly9mYXJtNS5zdGF0aWMuZmxpY2tyLmNvbS80MTI2LzUwMTQ2NjM2NjZfNjg4NDNhNzY2MF9iLmpwZyIgLz4NCg0KPGltZyBzcmM9Imh0dHA6Ly9mYXJtNS5zdGF0aWMuZmxpY2tyLmNvbS80MDg0LzUwMTQ2NjM2NzJfMGJlMWQxZTdhOV9iLmpwZyIgLz4NCg0KPGltZyBzcmM9Imh0dHA6Ly9mYXJtNS5zdGF0aWMuZmxpY2tyLmNvbS80MTAzLzUwMTQwODEyNjVfOTdmMDc1MTIxOV9iLmpwZyIgLz4NCg0KPGltZyBzcmM9Imh0dHA6Ly9mYXJtNS5zdGF0aWMuZmxpY2tyLmNvbS80MTQ1LzUwMTQwODEyNjlfYmM0MDg5ZmIxYV9iLmpwZyIgLz4NCg0KPGltZyBzcmM9Imh0dHA6Ly9mYXJtNS5zdGF0aWMuZmxpY2tyLmNvbS80MTMxLzUwMTQwODEyNzNfNWQwMjVhNzIwZF9iLmpwZyIgLz4NCg0KPGltZyBzcmM9Imh0dHA6Ly9mYXJtNS5zdGF0aWMuZmxpY2tyLmNvbS80MTQ5LzUwMTQwODEyNzlfMDNiZjFkOWJkNF9iLmpwZyIgLz4NCg0KPGltZyBzcmM9Imh0dHA6Ly9mYXJtNS5zdGF0aWMuZmxpY2tyLmNvbS80MTMwLzUwMTQwODEyOTFfNjk2Y2NhNjljOV9iLmpwZyIgLz4NCg0KPGltZyBzcmM9Imh0dHA6Ly9mYXJtNS5zdGF0aWMuZmxpY2tyLmNvbS80MTA3LzUwMTQwODEyODFfYjMwN2JlZmUwZF9iLmpwZyIgLz4NCg0KPGltZyBzcmM9Imh0dHA6Ly9mYXJtNS5zdGF0aWMuZmxpY2tyLmNvbS80MTMyLzUwMTQ3MDg2NDhfODAxMjQwY2NkMV9iLmpwZyIgLz4NCg0KPGltZyBzcmM9Imh0dHA6Ly9mYXJtNS5zdGF0aWMuZmxpY2tyLmNvbS80MTUwLzUwMTQ3MDg2NTBfNDc1NzBmZjRmM19iLmpwZyIgLz4NCg0KPGltZyBzcmM9Imh0dHA6Ly9mYXJtNS5zdGF0aWMuZmxpY2tyLmNvbS80MTA3LzUwMTQ3MDg2NjBfY2UyMDc5OTFjNl9iLmpwZyIgLz4="
"eventtime","2010-09-22 17:12:00"
"current_moodid","68"
"url","http://d-e-s-e-i-s.livejournal.com/32619.html"
"userid","3425"
"itemid","126"
"event","0KPRgtGA0L4g0L/RgNCw0LLQtNCwINGD0LbQtSDQv9C10YDQtdGA0L7RgdC70L4g0LIg0LTQtdC90YwsINC90L4g0LLRgdC1INGA0LDQstC90L4NCg0KPGltZyBzcmM9Imh0dHA6Ly9mYXJtNS5zdGF0aWMuZmxpY2tyLmNvbS80MDkxLzUwMTA3NjEyMDlfMzYyY2U3OGM1MF9iLmpwZyIgLz4="
"eventtime","2010-09-21 13:04:00"
"current_moodid","126"
"url","http://d-e-s-e-i-s.livejournal.com/32292.html"
"userid","3425"
"itemid","125"
"event","<img src=""http://farm5.static.flickr.com/4124/4970407054_ff9a234f11_b.jpg"" />"
"eventtime","2010-09-08 10:18:00"
"current_moodid","106"
"url","http://d-e-s-e-i-s.livejournal.com/32230.html"
"userid","3425"
"itemid","124"
"event","Li4u0LAg0LrQsNC60LjRhSDRgtC+IDE2INC00L3QtdC5INC90LDQt9Cw0LQg0LTRi9GI0LDQu9C+0YHRjCDRgdC+0LLRgdC10Lwg0L/Qvi3QtNGA0YPQs9C+0LzRgy4NCtCi0LXQv9C10YDRjCwg0LrQvtCz0LTQsCDQvdC10LzQvdC+0LPQviDQt9Cw0LHRi9C70L7RgdGMLCDQvNC+0LbQvdC+INGB0LzQvtGC0YDQtdGC0Ywg0L3QsCDRgtCw0LrQuNC1INGE0L7RgtC+INC/0YDQsNC60YLQuNGH0LXRgdC60Lgg0LHQtdC3INGA0LDQt9C00YDQsNC20LXQvdC40Y8uIA0KDQo8aW1nIHNyYz0iaHR0cDovL2Zhcm01LnN0YXRpYy5mbGlja3IuY29tLzQxMDAvNDkyNTk2MjY3Ml82OTJlZjQ0ODE0X2IuanBnIiAvPg0KDQo8bGotY3V0IHRleHQ9ItCc0L7RgdC60LLQsCwg0Y8g0LvRjtCx0LvRjiDRgtC10LHRjz8iPiANCg0KPGltZyBzcmM9Imh0dHA6Ly9mYXJtNS5zdGF0aWMuZmxpY2tyLmNvbS80MDczLzQ5MjU5NjI2NjZfNTI3NGEwZmEyOF9iLmpwZyIgLz4NCg0KPGltZyBzcmM9Imh0dHA6Ly9mYXJtNS5zdGF0aWMuZmxpY2tyLmNvbS80MTAxLzQ5MjU5NjI2NTRfODhlN2JhMGZhMl9iLmpwZyIgLz4NCg0KPGltZyBzcmM9Imh0dHA6Ly9mYXJtNS5zdGF0aWMuZmxpY2tyLmNvbS80MTIyLzQ5MjU5NjI2NzhfMzI0MmZhMDFiMF9iLmpwZyIgLz4NCg0KPGltZyBzcmM9Imh0dHA6Ly9mYXJtNS5zdGF0aWMuZmxpY2tyLmNvbS80MDgxLzQ5MjU5NjI2ODRfMmIyY2IzMTliYl9iLmpwZyIgLz4NCg0KPGltZyBzcmM9Imh0dHA6Ly9mYXJtNS5zdGF0aWMuZmxpY2tyLmNvbS80MDk3LzQ5MjU5NjI2ODBfNTA0N2U4ZjEzMF9iLmpwZyIgLz4NCg0KPGltZyBzcmM9Imh0dHA6Ly9mYXJtNS5zdGF0aWMuZmxpY2tyLmNvbS80MTM4LzQ5MjUzNzY3NDdfN2M5MmIwMWJiNl9iLmpwZyIgLz4NCg0KPGEgaHJlZj0iaHR0cDovL3d3dy5mbGlja3IuY29tL3Bob3Rvcy9kZXNlaXMvNDkyNTM3NjczOS8iIHRpdGxlPSJNZSAgYnkgRGVzZWlzLCBvbiBGbGlja3IiPjxpbWcgc3JjPSJodHRwOi8vZmFybTUuc3RhdGljLmZsaWNrci5jb20vNDEyMi80OTI1Mzc2NzM5X2Q0ZTQ5NWQ0ZDZfYi5qcGciIHdpZHRoPSI2MDIiIGhlaWdodD0iOTA0IiBhbHQ9Ik1lICIgLz48L2E+"
"eventtime","2010-08-25 11:27:00"
"current_moodid","68"
"url","http://d-e-s-e-i-s.livejournal.com/31765.html"
"userid","3425"
"itemid","123"
"event","0KLQvtGCINGB0LvRg9GH0LDQuSwg0LrQvtCz0LTQsCDRhNC+0YLQvtCw0L/Qv9Cw0YDQsNGCINC+0YfQtdC90Ywg0L/QvtC00L7RiNC10Lsg0Log0LjQtNC10LUg0Lgg0YHRgtC40LvRjiA6KQ0KDQo8aW1nIHNyYz0iaHR0cDovL2Zhcm01LnN0YXRpYy5mbGlja3IuY29tLzQwOTgvNDkyMzI5MTUwNl8wN2FlZjIwODlmX3ouanBnIiAvPg0KDQo8aW1nIHNyYz0iaHR0cDovL2Zhcm01LnN0YXRpYy5mbGlja3IuY29tLzQwNzMvNDkyMzI5MTUwNF84OTg3M2UzNDAwX3ouanBnIiAvPg=="
"eventtime","2010-08-24 15:32:00"
"current_moodid","68"
"url","http://d-e-s-e-i-s.livejournal.com/31546.html"
"userid","3425"
"itemid","122"
"event","0JAg0LLQvtGCINGBINC/0L7RgNGC0YDRiyDRh9GC0L4g0L/QvtC70YPRh9C40LvQvtGB0YwNCg0KPGEgaHJlZj0iaHR0cDovLzUwMHB4LmNvbS9waG90by8xMzg3NDMiPjxpbWcgc3JjPSJodHRwOi8vcGhvdG9zLjUwMHB4LmNvbS8xMzg3NDMvNCIgYWx0PSIiIGJvcmRlcj0iMCIgc3R5bGU9Im1hcmdpbjogMCAwIDVweCAwOyI+PC9hPjxici8+PGRpdiBzdHlsZT0iZm9udC1mYW1pbHk6aGVsdmV0aWNhIG5ldWUsIHZlcmRhbmE7Zm9udC1zaXplOiAxMjAlOyI+PGEgaHJlZj0iaHR0cDovLzUwMHB4LmNvbS9waG90by8xMzg3NDMiPlNpc3RlcjwvYT4gYnkgPGEgaHJlZj0iaHR0cDovLzUwMHB4LmNvbS9EZXNlaXMiPkFsZXggVm9yb25pbjwvYT48L2Rpdj48ZGl2IHN0eWxlPSJtYXJnaW46NHB4IDAgMCAwO2ZvbnQtc2l6ZToxMXB4O2ZvbnQtZmFtaWx5OmhlbHZldGljYSBuZXVlLCB2ZXJkYW5hO2NvbG9yOiM2NjY7Ij5QdWJsaXNoZWQgb24gPGEgaHJlZj0iaHR0cDovLzUwMHB4LmNvbSI+NTAwcHg8L2E+PC9kaXY+DQoNCjxsai1lbWJlZCBpZD0iMTgiLz4="
"eventtime","2010-08-24 10:20:00"
"current_moodid","132"
"url","http://d-e-s-e-i-s.livejournal.com/31370.html"
"userid","3425"
"itemid","121"
"event","PGltZyBzcmM9Imh0dHA6Ly9mYXJtNS5zdGF0aWMuZmxpY2tyLmNvbS80MTAwLzQ5MTg1ODY3NTNfYWU3M2FlY2RkOV96LmpwZyIgLz4NCg0K0L3RgyDRgtC+0YfQvdC10LUg0LHQvtC70YzRiNCw0Y8g0YfQsNGB0YLRjCDigJMg0L/RgNC+0YHRgtC+INC90LUg0L/QvtC/0LDQuyDQsiDRjdC60YHQv9C+0LfQuNGG0LjRjiA6KQ0KDQrQktC+0YIg0LXRidC1INC00LLQtSDQvdC+0YDQvNCw0LvRjNC90L4g0Y3QutGB0L/QvtC90LjRgNC+0LLQsNC90L3Ri9GFOg0KDQo8bGotY3V0IHRleHQ9IisrIj4gDQoNCjxpbWcgc3JjPSJodHRwOi8vZmFybTUuc3RhdGljLmZsaWNrci5jb20vNDExNC80OTE4NTg2NzUxXzliYTZkOTg4MjRfei5qcGciIC8+DQoNCjxpbWcgc3JjPSJodHRwOi8vZmFybTUuc3RhdGljLmZsaWNrci5jb20vNDEzOS80OTE4NTg2NzM3Xzg5ZGQwNDc0OTFfei5qcGciIC8+"
"eventtime","2010-08-23 09:56:00"
"current_moodid","126"
"url","http://d-e-s-e-i-s.livejournal.com/31194.html"
"userid","3425"
"itemid","120"
"event","<img src=""http://farm5.static.flickr.com/4075/4896687083_24efd7e40b_b.jpg"" />"
"eventtime","2010-08-16 12:32:00"
"current_moodid","68"
"url","http://d-e-s-e-i-s.livejournal.com/30914.html"
"userid","3425"
"itemid","119"
"event","PGltZyBhbHQ9IiIgc3JjPSJodHRwOi8vaW5hcGNhY2hlLmJvc3Rvbi5jb20vdW5pdmVyc2FsL3NpdGVfZ3JhcGhpY3MvYmxvZ3MvYmlncGljdHVyZS9zdW1tZXJ0aW1lMTBfMDdfMDcvczA1XzI0MTU0OTk5LmpwZyIgLz48YnIgLz4o0YEpIDxhIGhyZWY9Imh0dHA6Ly93d3cuYm9zdG9uLmNvbS9iaWdwaWN0dXJlLzIwMTAvMDcvc3VtbWVyX2lzX2hlcmUuaHRtbCI+0L7RgtGB0Y7QtNCwIDwvYT48YnIgLz4="
"eventtime","2010-07-22 15:09:00"
"current_moodid","83"
"url","http://d-e-s-e-i-s.livejournal.com/30657.html"
"userid","3425"
"itemid","118"
"event","0JHRi9C70Lgg0L3QsCDQstGL0YXQvtC00L3Ri9GFINC90LAg0LTQsNGH0LUsINCyINGB0YPQsdCx0L7RgtGDINC70LXQttCw0LvQuCDQvdCwINC/0LvRj9C20LUsINC60YPQv9Cw0LvQuNGB0Ywg0Lgg0LfQsNCz0L7RgNCw0LvQuCwg0L/QvtGC0L7QvCDRg9C20LUg0LLQtdGH0LXRgNC+0Lwg0LbQsNGA0LjQu9C4INC80Y/RgdC+INC90LAg0YPQs9C70Y/RhSDQuCDRgdC+0LLRgdC10Lwg0L/QvtC30LTQvdC+INC/0LDRgNC40LvQuNGB0Ywg0LIg0LHQsNC90LUsINCwINCyINCy0L7RgdC60YDQtdGB0LXQvdGM0LUg0LrQsNGC0LDQu9C40YHRjCDQvdCwINCy0LXQu9C+0YHQuNC/0LXQtNCw0YUg0L/QviDQvtC60YDQtdGB0YLQvdC+0YHRgtGP0LwNCg0KPGltZyBhbHQ9IiIgc3JjPSJodHRwOi8vZmFybTUuc3RhdGljLmZsaWNrci5jb20vNDA4MS80ODA4ODEyNjM4XzkxMmZiMDViOWFfYi5qcGciIC8+DQoNCjxsai1jdXQgdGV4dD0i0JHQvtC70YzRiNC1INGA0LDQt9C90L7RhtCy0LXRgtC90YvRhSDRhNC+0YLQvtCz0YDQsNGE0LjQuSI+DQoNCjxlbT7QkiDRgdC+0YHQtdC00L3QtdC5INC00LXRgNC10LLQvdC1ICghKSDQv9C+0YHRgtGA0L7QuNC70Lgg0LLRi9GB0L7RgtC60LgsINCz0L7RgNC+0LQg0L7QutGA0YPQttCw0LXRgiDRgdC+INCy0YHQtdGFINGB0YLQvtGA0L7QvSA6KTwvZW0+DQoNCjxpbWcgYWx0PSIiIHNyYz0iaHR0cDovL2Zhcm01LnN0YXRpYy5mbGlja3IuY29tLzQxNDEvNDgwODgxMjY2MF83MzBlYjljOTUyX2IuanBnIiAvPg0KDQo8ZW0+0JAg0LXRgdC70Lgg0L/QvtGB0LzQvtGC0YDQtdGC0Ywg0LIg0LTRgNGD0LPRg9GOINGB0YLQvtGA0L7QvdGDLCDRgtCw0Lwg0YPQttC1INC90LDRgdGC0L7Rj9GJ0LXQtSDQu9C10YLQvdC10LUg0LHRg9C50YHRgtCy0L4g0LrRgNCw0YHQvtC6PC9lbT4NCg0KPGltZyBhbHQ9IiIgc3JjPSJodHRwOi8vZmFybTUuc3RhdGljLmZsaWNrci5jb20vNDE0MS80ODA4ODEyNjQ4Xzc3ZTBiMWEyZjlfYi5qcGciIC8+DQoNCjxlbT7QktC+0YDQvtGC0LAg0LjQtyDQtNC10YDQtdCy0YzQtdCyPC9lbT4NCg0KPGltZyBhbHQ9IiIgc3JjPSJodHRwOi8vZmFybTUuc3RhdGljLmZsaWNrci5jb20vNDEzNC80ODA4ODEyNjU0X2I2YmJlOTQxYzZfYi5qcGciIC8+DQoNCjxlbT7QldGB0LvQuCDQv9C+0YHQvNC+0YLRgNC10YLRjCDQstCy0LXRgNGFPC9lbT4NCg0KPGltZyBhbHQ9IiIgc3JjPSJodHRwOi8vZmFybTUuc3RhdGljLmZsaWNrci5jb20vNDEzOC80ODA4ODEyNjQyXzZiNWRiNDM1ZTZfYi5qcGciIC8+DQoNCjxlbT7QktGB0YLRgNC10YLQuNC70Lgg0L3QtdC+0L/QvtC30L3QsNC90L3Ri9C5LCDQt9Cw0YLQsNC40LLRiNC40LnRgdGPINCyINGC0YDQsNCy0LUg0YDQttCw0LLRi9C5INC+0LHRitC10LrRgjwvZW0+DQoNCjxpbWcgYWx0PSIiIHNyYz0iaHR0cDovL2Zhcm01LnN0YXRpYy5mbGlja3IuY29tLzQxNDMvNDgwODgxMjY2OF8xZTgxM2FiYTdlX2IuanBnIiAvPg0KDQo8ZW0+0JHQu9C40LbQtS4g0KfRgtC+INGN0YLQviDQstC+0L7QsdGJ0LUg0YLQsNC60L7QtSDQuCDQt9Cw0YfQtdC8INC+0L3QviDQsiDQv9C+0LvQtSDRgyDQu9C10YHQsD88L2VtPg0KDQo8aW1nIGFsdD0iIiBzcmM9Imh0dHA6Ly9mYXJtNS5zdGF0aWMuZmxpY2tyLmNvbS80MDc1LzQ4MDgxOTg1OTNfNjc0MjBhYWZlZV9iLmpwZyIgLz4NCg0KPGVtPtCU0LDQu9GM0YjQtTwvZW0+DQoNCjxpbWcgYWx0PSIiIHNyYz0iaHR0cDovL2Zhcm01LnN0YXRpYy5mbGlja3IuY29tLzQwODAvNDgwODE5ODYwNV84ZDUzNDJmZjAzX2IuanBnIiAvPg0KDQo8ZW0+0Jgg0LTQvtGA0L7Qs9CwINC+0LHRgNCw0YLQvdC+LiDQn9C+0LLRgtC+0YDRj9GC0Ywg0LIg0YLQtdGH0LXQvdC40LUg0LvQtdGC0LAg0L/QviDQstGL0YXQvtC00L3Ri9C8IDEtMiDRgNCw0LfQsCDQsiDQtNC10L3RjCDQtNC+INC90LDRgdGC0YPQv9C70LXQvdC40Y8g0LPQsNGA0LzQvtC90LjQuCDQuCDRg9C80LjRgNC+0YLQstC+0YDQtdC90LjRjy48L2VtPg0KDQo8aW1nIGFsdD0iIiBzcmM9Imh0dHA6Ly9mYXJtNS5zdGF0aWMuZmxpY2tyLmNvbS80MDc3LzQ4MDgxOTg2MDdfODU2YjdlZDg4ZF9iLmpwZyIgLz4="
"eventtime","2010-07-20 10:37:00"
"current_moodid","83"
"url","http://d-e-s-e-i-s.livejournal.com/30285.html"
"userid","3425"
"itemid","117"
"event","<img src=""http://farm5.static.flickr.com/4120/4767124608_f4f183ccb8_b.jpg"" />"
"eventtime","2010-07-06 09:51:00"
"current_moodid","126"
"url","http://d-e-s-e-i-s.livejournal.com/30202.html"
"userid","3425"
"itemid","116"
"event","PGltZyBzcmM9Imh0dHA6Ly9mYXJtMi5zdGF0aWMuZmxpY2tyLmNvbS8xMjYwLzQ3MjM5Njk5NDRfMmU1ZmY5MGM4Y19iLmpwZyIgLz4NCg0K0JXQt9C00LjQu9C4INCyINGB0YPQsdCx0L7RgtGDINC6INC00YDRg9C30YzRj9C8INC90LAg0LTQsNGH0YMg4oCTINGF0L7QtNC40LvQuCDQsiDQsdCw0L3Rjiwg0LTRg9GA0LDRh9C40LvQuNGB0YwsINC10LvQuCDRiNCw0YjQu9GL0LrQuCDQuCDQtNGL0YjQsNC70Lgg0YLQuNGI0LjQvdC+0LkgDQoNCjxsai1jdXQgdGV4dD0i0JXRidC1INGE0L7RgtC+Ij4gDQoNCjxpbWcgc3JjPSJodHRwOi8vZmFybTIuc3RhdGljLmZsaWNrci5jb20vMTIxNy80NzIzOTY5OTM0XzVmZGY3ZjBlM2NfYi5qcGciIC8+DQoNCjxpbWcgc3JjPSJodHRwOi8vZmFybTIuc3RhdGljLmZsaWNrci5jb20vMTQxNS80NzIzOTY5OTU4XzY1MmFlNjlmYjZfYi5qcGciIC8+DQoNCjxpbWcgc3JjPSJodHRwOi8vZmFybTIuc3RhdGljLmZsaWNrci5jb20vMTA3Ny80NzIzOTY5OTUyXzBhYjY0NzU0MGZfYi5qcGciIC8+DQoNCjxpbWcgc3JjPSJodHRwOi8vZmFybTIuc3RhdGljLmZsaWNrci5jb20vMTIzNS80NzIzOTY5OTQyX2IyNjQ2NzFmNDVfYi5qcGciIC8+DQoNCjxpbWcgc3JjPSJodHRwOi8vZmFybTIuc3RhdGljLmZsaWNrci5jb20vMTMzNS80NzIzOTY5OTYyX2I2OTA1ZWJjMzNfYi5qcGciIC8+"
"eventtime","2010-06-22 12:34:00"
"current_moodid","15"
"url","http://d-e-s-e-i-s.livejournal.com/29950.html"
"userid","3425"
"itemid","115"
"event","<lj-embed id=""13""/>"
"eventtime","2010-06-17 11:49:00"
"current_moodid","15"
"url","http://d-e-s-e-i-s.livejournal.com/29461.html"
"userid","3425"
"itemid","114"
"event","<img src=""http://farm5.static.flickr.com/4051/4606347980_e9f48ffe2c_o.jpg"" />"
"eventtime","2010-05-14 15:01:00"
"current_moodid","68"
"url","http://d-e-s-e-i-s.livejournal.com/29263.html"
"userid","3425"
"itemid","113"
"event","0KLQtSwg0LrRgtC+INC/0YDQuNC90LjQvNCw0Y7RgiDRgNC10YjQtdC90LjRjywg0YHQutCw0LfQsNC70LgiICLQmtGA0LDRgdC40LLQviwg0L3QviDQtNC+0YDQvtCz0L4iLg0KDQrQotCw0Log0Y3RgtC+INC20LUg0LfQsNC60L7QvSwg0LLRgdC1INGH0YLQviDQutGA0LDRgdC40LLQviDQtNC+0LvQttC90L4g0LHRi9GC0Ywg0LTQvtGA0L7Qs9C+Lg0KDQo8aW1nIHNyYz0iaHR0cDovL3N0LmZyZWUtbGFuY2UucnUvdXNlcnMvRGVzZWlzL3VwbG9hZC9mXzRiZDAzNWE4MjFjZWQuanBnIiAvPg0KPGltZyBzcmM9Imh0dHA6Ly9zdC5mcmVlLWxhbmNlLnJ1L3VzZXJzL0Rlc2Vpcy91cGxvYWQvZl80YmQwMzYzMTVmODA3LmpwZyIgLz4NCjxpbWcgc3JjPSJodHRwOi8vc3QuZnJlZS1sYW5jZS5ydS91c2Vycy9EZXNlaXMvdXBsb2FkL2ZfNGJkMDNiOTI5NTQwZC5qcGciIC8+"
"eventtime","2010-04-22 16:06:00"
"current_moodid","68"
"url","http://d-e-s-e-i-s.livejournal.com/29050.html"
"userid","3425"
"itemid","112"
"event","<img src=""http://farm3.static.flickr.com/2685/4540141710_8b3c62affe_o.jpg"" />"
"eventtime","2010-04-21 09:51:00"
"url","http://d-e-s-e-i-s.livejournal.com/28825.html"
"userid","3425"
"itemid","111"
"event","0J3QsCDQvNC10YHRgtC1INC80L7QtdCz0L4g0LTQvtC80LAgJm5kYXNoOyDQvtCz0L7RgNC+0LQsINCy0LzQtdGB0YLQviDQm9GD0LbQvdC40LrQvtCyICZuZGFzaDsg0YHQsNGA0LDQuCwg0L7QtNC40L0g0LvQuNGI0Ywg0LzQsNCy0LfQvtC70LXQuSDQvdCwINCa0YDQsNGB0L3QvtC5INC/0LvQvtGJ0LDQtNC4INGB0YLQvtC40YIuINCb0LXQvdC40L3QsCDRgtCw0Lwg0L/RgNCw0LLQtNCwINC90LXRgiwgPHN0cmlrZT7QvtC9INCy0YvRiNC10Lsg0L/QvtC60YPRgNC40YLRjDwvc3RyaWtlPiDQvtC9INCyINCi0Y7QvNC10L3QuCA8YSBocmVmPSJodHRwOi8vcnUud2lraXBlZGlhLm9yZy93aWtpL9Cc0LDQstC30L7Qu9C10Llf0JvQtdC90LjQvdCwIj5ydS53aWtpcGVkaWEub3JnL3dpa2kv0JzQsNCy0LfQvtC70LXQuV/Qm9C10L3QuNC90LA8L2E+PGJyIC8+PGJyIC8+0KHRitC10LzQutCwIDQxLTQyINCz0LMgPGJyIC8+PGEgaHJlZj0iaHR0cDovL3d3aWkuc2FzZ2lzLnJ1LyI+d3dpaS5zYXNnaXMucnUvPC9hPg=="
"eventtime","2010-04-16 10:47:00"
"current_moodid","116"
"url","http://d-e-s-e-i-s.livejournal.com/28591.html"
"userid","3425"
"itemid","109"
"event","0JrQn9CXICLQktC10YHQvdCwINC/0YDQuNGI0LvQsCINCg0KPGltZyBzcmM9Imh0dHA6Ly9pbmFwY2FjaGUuYm9zdG9uLmNvbS91bml2ZXJzYWwvc2l0ZV9ncmFwaGljcy9ibG9ncy9iaWdwaWN0dXJlL3NwcmluZ18wNF8wNS9zMDVfMjI3MjcwOTUuanBnIi8+DQoNCijRgSkgQVAgUGhvdG8vVmFsbGV5IE5ld3MsIEphc29uIEpvaG5z"
"eventtime","2010-04-08 09:29:00"
"current_moodid","15"
"url","http://d-e-s-e-i-s.livejournal.com/28125.html"
"userid","3425"
"itemid","108"
"event","0JIg0LzQuNGA0LUg0LXRgdGC0Ywg0YLRgNC4INC20LXQvdGB0LrQuNGFINC00L7QsdGA0L7QtNC10YLQtdC70Lg6INC00L7QsdGA0L7RgtCwLCDRg9C8INC4INGD0LzQtdC90LjQtSDQt9Cw0LrRgNCw0YHQuNGC0Ywg0LzQtdGI0LrQuCDQv9C+0LQg0LPQu9Cw0LfQsNC80LguINCa0LDQttC00L7QuSDQvdC+0LLQvtC5INC20LXQvdGJ0LjQvdC1INCx0L7QsyDQvtCx0LXRidCw0Lsg0YXQvtGC0Y8g0LHRiyDQv9Cw0YDRgyDRgtCw0LrQuNGFINC/0L7Qu9C+0LbQuNGC0LXQu9GM0L3Ri9GFINC40LfRjtC80LjQvdC+0LouINCd0LAg0LTQtdC70LUg0LbQtSwg0LHQvtC70YzRiNC1INC+0LTQvdC+0Lkg0LIg0LbQtdC90YnQuNC90YMg0L3QtSDQu9C10LfQtdGCLiDQn9C+0Y3RgtC+0LzRgyDQvNGD0LbRh9C40L3RiyDQstGL0LHQuNGA0LDRjtGCINC80LXQttC00YMgItC/0YDQvtGB0YLQviDQtNC+0LHRgNCw0Y8iINC4ICLQvtC/0YDQtdC00LXQu9GR0L3QvdC+INC60YDQsNGB0LjQstCw0Y8iLiDQmNC70LggItGBINC60YDRg9Cz0LvRi9C80Lgg0LrQvtC70LXQvdC60LDQvNC4Iiwg0YXQvtGC0Y8g0LHRiy4NCg0KPGxqLWN1dCB0ZXh0PSLQlNCw0LvRjNGI0LUiPiANCg0K0KLQsNC6INCy0L7Rgiwg0L/RgNC+INC60YDQsNGB0L7RgtGDLCDRg9C8INC4INC00L7QsdGA0L7QtSDRgdC10YDQtNGG0LUuDQrQntC90LAg0LHRi9C70LAg0LLQvdGD0YfQutC+0Lkg0YHQtdC60YDQtdGC0LDRgNGPINC/0L7Qu9C40YLQsdGO0YDQviDRgNCw0LHQvtGH0LXQuSDQv9Cw0YDRgtC40Lgg0JzQvtC30LDQvNCx0LjQutCwLiDQkCDQvtC9IOKAkyDQutCw0L/QuNGC0LDQvSDQtNCw0LvRjNC90LXQs9C+INC/0LvQsNCy0LDQvdC40Y8g0KHQtdGA0LPQtdC5LiDQntC9INC/0YDQuNGF0L7QtNC40Lsg0LIg0JzQvtC30LDQvNCx0LjQuiDRgNCw0Lcg0LIg0YLRgNC4INC80LXRgdGP0YbQsCDQuCDQutGA0L7QutC+0LTQuNC70Ysg0LIg0YDQtdGH0LrQtSDQl9Cw0LzQsdC10LfQuCDRiNC10L/RgtCw0LvQuCDQtNGA0YPQsyDQtNGD0LPRgzoNCi0g0JHRgNCw0YLRjNGPLCDRgtC40YjQtSDQttGD0LnRgtC1INCy0LDRiNC40YUg0LfQtdCx0YAsINC6INC90LDRiNC10Lkg0JzRgtC10L3QtNC1INC/0YDQuNC10YXQsNC7INC60LDQv9C40YLQsNC9INCh0LXRgNGR0LbQsC4NCtCYINCy0YHQtSDRg9C00LjQstC70Y/Qu9C40YHRjCwg0LrQsNC60L7QtSDRgdCy0LXRgtC70L7QtSDQuCDQutGA0LDRgdC40LLQvtC1INGH0YPQstGB0YLQstC+INCy0YvRgNCw0YHRgtCw0LXRgiDQuNC90L7Qs9C00LAg0LjQtyDQvtCx0YvRh9C90L7Qs9C+INGB0LXQutGB0LAg0LzQtdC20LTRgyDRgNGD0YHRgdC60LjQvCDQutCw0L/QuNGC0LDQvdC+0Lwg0Lgg0LDRhNGA0LjQutCw0L3RgdC60L7QuSDQv9GA0LjQvdGG0LXRgdGB0L7QuS4NCg0KLSDQktGL0YXQvtC00Lgg0LfQsCDQvNC10L3RjyDigJMg0YHQutCw0LfQsNC7INC+0LTQvdCw0LbQtNGLINCh0LXRgNCz0LXQuSwg0LLQvdC40LzQsNGC0LXQu9GM0L3QviDRgdC+0LjQt9C80LXRgNC40LIg0YHQstC+0Lgg0LLQvtC30LzQvtC20L3QvtGB0YLQuCDRgSDQtdGRINC/0L7RgtGA0LXQsdC90L7RgdGC0Y/QvNC4LiDQoNC10LfRg9C70YzRgtCw0YLRiyDQuNC30LzQtdGA0LXQvdC40Lkg0YHQvtCy0LXRgtC+0LLQsNC70Lgg0LHQtdC20LDRgtGMLCDQv9C+0LHRgNC+0YHQsNCyINCz0LjQs9C40LXQvdC40YfQtdGB0LrQuNC1INC/0YDQuNC90LDQtNC70LXQttC90L7RgdGC0LguINCd0L4g0KHQtdGA0ZHQttCwINGC0LLRkdGA0LTQviDQstC10YDQuNC7INCyINC80L7RgNGP0YbQutC+0LUg0KHRh9Cw0YHRgtGM0LUuDQoNCtCSINC+0YLQstC10YIg0L/RgNC40L3RhtC10YHRgdCwINCc0YLQtdC90LTQtSDRgdC10LvQsCwg0LPQvtC70LDRjywg0LIg0LrRgNC+0LLQsNGC0LguINCYINGB0LLQtdGA0LrQvdGD0LvQsCDRh9GR0YDQvdGL0LzQuCDQvNC+0LfQsNC80LHQuNC60YHQutC40LzQuCDQs9C70LDQt9Cw0LzQuC4g0Jgg0YHQutCw0LfQsNC70LAsINGC0L7RgNC20LXRgdGC0LLQtdC90L3QviDQsdC70LXRgdGC0Y8g0YfRkdGA0L3Ri9C80Lgg0LzQvtC30LDQvNCx0LjQutGB0LrQuNC80Lgg0LrQvtC70LXQvdC60LDQvNC4Og0KLSDQryDQv9C+0LTQsNGA0Y4g0YLQtdCx0LUg0L/QsNC70YzQvNGDLiDQldGB0LvQuCDQsdGD0LTQtdGI0Ywg0L/QvtC80L3QuNGC0Ywg0LzQtdC90Y8sINC90LAg0L3QtdC5INCy0YvRgNCw0YHRgtGD0YIg0L/Qu9C+0LTRiy4g0Jgg0YLQvtCz0LTQsCDRjyDRgdCw0LzQsCDQuiDRgtC10LHQtSDQv9GA0LjQtdC00YMuDQotINCa0LDQutC40LUg0L3QtdC90YPQttC90YvQtSwg0L7QsdGA0LXQvNC10L3QuNGC0LXQu9GM0L3Ri9C1INGD0YHQu9C+0LLQvdC+0YHRgtC4ISDigJMg0LLQvtC30YDQsNC30LjQuyDQodC10YDRkdC20LAsINGC0L7Qu9GM0LrQviDQtNGA0YPQs9C40LzQuCDRgdC70L7QstCw0LzQuC4g0J7QvSDQuNC80LXQuyDQstCy0LjQtNGDLCDQsiDQvtGB0L3QvtCy0L3QvtC8LCDQv9Cw0LvRjNC80YMuDQotINCf0L7QtdGF0LDQu9C4INGB0LXQudGH0LDRgS4g0K8g0YLQtdCx0LUg0L/QvtGC0L7QvCDQu9C40YHRgtCy0LXQvdC90LjRhtGLINC/0YDQuNGI0LvRjiDQv9C+0LvQvdGL0Lkg0JzQvtC30LDQvNCx0LjQui4NCi0g0J3QtdGCLCAtINC+0YLQstC10YLQuNC70LAg0L/RgNC40L3RhtC10YHRgdCwINCc0YLQtdC90LTQtSwgLSDQodC70L7QttC90YvQtSDQvNC40YHRgtC40LrQvi3QutGD0LvRjNGC0YPRgNC90YvQtSDRgtGA0LDQtNC40YbQuNC4INC80L7QtdCz0L4g0L/Qu9C10LzQtdC90LgsINC+0YHQvdC+0LLQsNC90L3Ri9C1INC90LAg0LDRg9GC0LXQvdGC0LjRh9C90YvRhSDQsNGA0YXQtdGC0LjQv9Cw0YUg0LbQtdC90YHQutC+0Lkg0LLRgNC10LTQvdC+0YHRgtC4LCDQvdC1INC/0L7Qt9Cy0L7Qu9GP0Y7RgiDQvNC90LUg0LLQvtGCINGC0LDQuiDQsdGA0L7RgdC40YLRjCDQtNC10LTRg9GI0LrRgywg0YHQtdC60YDQtdGC0LDRgNGPINC/0L7Qu9C40YLQsdGO0YDQvi4g0JrRgNC+0LzQtSDRgtC+0LPQviwg0YMg0LzQtdC90Y8g0YLRg9GCINC00LXQuyDQv9C+INGB0LDQvNC+0LUg0JrQuNC70LjQvNCw0L3QtNC20LDRgNC+LCDQsdCw0L3QsNC9INC90LUg0L/QvtC70L7Rgiwg0LrQvtC60L7RgSDQvdC1INGD0LHRgNCw0L0sINCyINC60YPRgNGP0YLQvdC40LrQtSDQtNGL0YDQsCwg0LvQtdC+0L/QsNGA0LTRiyDRgdC60LLQvtC30Ywg0L3QtdGRINGG0YvQv9C70Y/RgiDQv9C+0LbRgNCw0LvQuC4g0JHQtdGA0Lgg0YDQsNGB0YLQtdC90LjQtSDQuCDRg9C10LfQttCw0LksINGA0YPRgdGB0LrQuNC5INCx0L7RhtC80LDQvSDQodC10YDRkdC20LAuINCa0LDQuiDRg9GA0L7QttCw0Lkg0L/QvtGB0L/QtdC10YIsINC/0LjRiNC4LCDRjyDQv9GA0LjQtdC00YMuDQoNCtCi0LDQvNC+0LbQtdC90L3QuNC60LDQvCDQodC10YDRkdC20LAg0L/RgNC40LfQvdCw0LvRgdGPLCDRh9GC0L4g0LTQsNCy0L3QviDQvNC10YfRgtCw0Lsg0YHRgtCw0YLRjCDQv9Cw0LvRjNC80L7QstC+0LTQvtC8LiDQmtCw0LrRgtGD0YHRiyDRgyDQvdC10LPQviDQsiDQtNC10YLRgdGC0LLQtSDQtNC+0YXQu9C4LiDQnNCw0LzQuNC90Ysg0YLRgNCw0LTQtdGB0LrQsNC90YbQuNC4LCDQtdC00LLQsCDQvtC9INCy0YXQvtC00LjQuyDQsiDQtNCy0LXRgNC4LCDQstGL0YHQutCw0LrQuNCy0LDQu9C4INCyINGB0YLRgNCw0YXQtSDQuNC3INCz0L7RgNGI0LrQvtCyINC4INC/0YvRgtCw0LvQuNGB0Ywg0LHQtdC20LDRgtGMLCDQvtC/0LjRgNCw0Y/RgdGMINC90LAg0YHQu9Cw0LHRi9C1INC60L7RgNC90LguINCQINC/0LDQu9GM0Lwg0L3QuNC60L7Qs9C00LAg0L3QtSDQsdGL0LvQvi4g0KEg0L/QsNC70YzQvNCw0LzQuCwg0YHQutCw0LfQsNC7INCh0LXRgNGR0LbQsCDRgtCw0LzQvtC20LXQvdC90LjQutCw0LwsINC00L7Qu9C20L3QviDRgdC70L7QttC40YLRjNGB0Y8uDQoNCi0g0J3RgyDQtNCw0LLQsNC5IOKAkyDRgNCw0LfRgNC10YjQuNC70Lgg0YLQsNC80L7QttC10L3QvdC40LrQuCwg0L/RgNC10LTQstCw0YDQuNGC0LXQu9GM0L3QviDQv9C+0YDRi9Cy0YjQuNGB0Ywg0YMg0L/QsNC70YzQvNGLINCyINC/0LDRhdGDINC90LAg0L/RgNC10LTQvNC10YIg0LrQvtC90YLRgNCw0LHQsNC90LTRiy4g0Jgg0LTQvtCx0LDQstC40LvQuCDQvtCx0LjQtNC90L7QtSDRgdC70L7QstC+OiAtINCR0L7RgtCw0L3QuNC6IQ0KDQrQmtCw0Log0YfQtdC70L7QstC10Log0LPRgNCw0LzQvtGC0L3Ri9C5LCDQvdCwINCy0YDQtdC80Y8g0YDQtdC50YHQvtCyINCh0LXRgNCz0LXQuSDQuNC30L7QsdGA0ZHQuyDQsNCy0YLQvtC80LDRgtC40YfQtdGB0LrQuNC5INC/0L7Qu9C40LIuINCe0YfQtdC90Ywg0YHQutC+0YDQviDRjdGC0L7RgiDQv9C+0LvQuNCyINCw0LLRgtC+0LzQsNGC0LjRh9C10YHQutC4INC/0L7Qu9C40Lsg0YHQvtGB0LXQtNC10Lkg0L3QsCDQvNC90L7Qs9C+LdC80L3QvtCz0L4g0Y3RgtCw0LbQtdC5INCy0L3QuNC3LiDQnNC90L7Qs9C+LdC80L3QvtCz0L4g0YHQv9Cw0YHQsNGC0LXQu9C10Lkg0YbQtdC70L7QstCw0LvQuCDQuCDQutGD0YHQsNC70Lgg0KHQtdGA0ZHQttC40L3RgyDQtNCy0LXRgNGMINC4INC00L7Qs9Cw0LTQsNC70LjRgdGMINC70LjRiNGMINGH0YLQviDQvtC90LAg0YHQtNC10LvQsNC90LAg0LjQtyDRh9C10LPQvi3RgtC+INC+0YfQtdC90Ywg0YLQstGR0YDQtNC+0LPQvi4g0J/QvtGC0L7QvCDQodC10YDRkdC20LAg0LjQtyDQkNGE0YDQuNC60Lgg0L/QvtC30LLQvtC90LjQuyDQsdGA0LDRgtGDLCDRgyDQsdGA0LDRgtCwINCx0YvQu9C4INC60LvRjtGH0LgsINC+0L0g0L/RgNC40LXRhdCw0Lsg0Lgg0L/QvtC60LDQt9Cw0Lsg0LrQsNC6INC90LDQtNC+INC+0YLQutGA0YvQstCw0YLRjCDQtNCy0LXRgNC4Lg0KDQrQp9C10YDQtdC3INGC0YDQuCDQvNC10YHRj9GG0LAg0KHQtdGA0ZHQttGDINCy0YHRgtGA0LXRgtC40LvQsCDQv9Cw0LvRjNC80LAg0YEg0L/QvtC70L3QvtGB0YLRjNGOINC/0L7RgNGD0YjQtdC90L3QvtC5INC/0YHQuNGF0LjQutC+0LkuINCe0L3QsCDQv9C10YDQtdC20LjQu9CwINC/0L7RgtC+0L8sINC/0L7RgtC+0Lwg0LfQsNGB0YPRhdGDINC4INC10YHQu9C4INCx0YvQu9C4INCyINC90LXQuSDQvdCw0LzQtdGA0LXQvdC40Y8g0L3QsNGA0L7QttCw0YLRjCDQvNCw0LvQtdC90YzQutC40YUg0L/QsNC70YzQvNC+0YfQtdC6LCDRgtC+INCy0YHQtSDQv9GA0L7RiNC70LguINCU0LXRgNC10LLQviDQutCw0LbQtNGL0Lwg0LvQuNGB0YLQuNC60L7QvCDQvtGJ0YPRidCw0LvQviwg0LrQsNC6INC20LjQu9GM0YbRiyDQtNC+0LzQsCDQsdC10Lcg0LvRjtCx0LLQuCDQutC+0YHRj9GC0YHRjyDQvdCwINC90LXRkSDRgdC60LLQvtC30Ywg0LTQstC10YDRjC4g0JIg0YLQsNC60L7QuSDQsNGC0LzQvtGB0YTQtdGA0LUg0L3QtdGB0YLQuNGB0Ywg0LrQvtC60L7RgdC+0LLRi9C80Lgg0L7RgNC10YXQsNC80Lgg0L3QuNC60L7QvNGDINC90LUg0L/RgNC40Y/RgtC90L4uDQoNCtCSINGB0LvQtdC00YPRjtGJ0LjQuSDQvtGC0YrQtdC30LQg0LHQvtGG0LzQsNC9INCh0LXRgNCz0LXQuSDQvdCw0L3Rj9C7INCyINC/0LDQu9GM0LzQvtCy0L7QtNGLINGA0L7QtNC90L7Qs9C+INCx0YDQsNGC0LAuINCn0LXRgNC10Lcg0LzQtdGB0Y/RhiDQstGB0LXQs9C+INCx0YDQsNGCINC/0YDQuNGB0LvQsNC7INGE0L7RgtC+0LPRgNCw0YTQuNGOLiDQndCwINC90LXQuSDQv9Cw0LvRjNC80LAg0YbQstC10LvQsCDQu9C+0YXQvNCw0YLRi9C80Lgg0LHQtdC70YvQvNC4INGG0LLQtdGC0LDQvNC4LCDQvdC10LzQvdC+0LbQutC+INC/0L7RhdC+0LbQuNC80Lgg0L3QsCDRg9C60YDQsNC00LXQvdC90YvQtSDRgSDQutC70LDQtNCx0LjRidCwINCz0LXQvtGA0LPQuNC90YsuINCV0YnRkSDRh9C10YDQtdC3INC80LXRgdGP0YYg0L3QsCDRhNC+0YLQviDQt9C10LvQtdC90LXQu9C4INGC0YDQuCDRgNC+0LLQvdGL0YUg0YjQsNGA0LjQutCwINC/0L7QtCDRgdCw0LzQvtC5INC60YDQvtC90L7QuS4NCi0g0JzQsNC70YzRh9C40LosIC0g0L3QtdC20L3QviDQuCDQvdC10L/RgNCw0LLQuNC70YzQvdC+INC/0L7QtNGD0LzQsNC7INCh0LXRgNGR0LbQsCDQvdCwINC/0LDQu9GM0LzRgy4NCg0K0KHQu9C10LTRg9GO0YnRg9GOINGE0L7RgtC60YMsINGBINGC0YDQtdC80Y8g0YPQttC1INC+0LPRgNC+0LzQvdGL0LzQuCDQvtGA0LXRhdCw0LzQuCwg0KHQtdGA0LPQtdC5INC/0LXRgNC10YHQu9Cw0Lsg0LIg0JzQvtC30LDQvNCx0LjQuiwg0LfQsNC30L3QvtCx0LUuINCYINCy0Ysg0L3QtSDQv9C+0LLQtdGA0LjRgtC1LCDQtdCz0L4g0JzRgtC10L3QtNC1INC/0YDQuNC10YXQsNC70LAuDQrQntC90LAg0LLQvdC40LzQsNGC0LXQu9GM0L3QviDQvtGB0LzQvtGC0YDQtdC70LAg0L/QsNC70YzQvNGDLCDQvtCx0L3Rj9C70LAg0KHQtdGA0ZHQttGDINC4INGB0LrQsNC30LDQu9CwINC/0L4t0LDRhNGA0LjQutCw0L3RgdC60Lgg0YfRgtC+LdGC0L4g0LvQsNGB0LrQvtCy0L7QtSwg0L/QvtGF0L7QttC10LUg0L3QsCDCq9GC0Ysg0LzQvtC5INGF0YDQsNCx0YDRi9C5INC60YDQvtC60L7QtNC40LvCuy4NCg0K0J/QvtC0INGD0YLRgNC+LCDQutC+0LPQtNCwINCyINC60LDQttC00L7QvCDRgdC70L7QstC1INC80L3QvtCz0L4g0YHQvNGL0YHQu9CwLCDQvdC+INC10LPQviDQvdC40LrQsNC6INC90LUg0YPRhdCy0LDRgtC40YLRjCwg0KHQtdGA0LPQtdC5INC/0YDQvtGI0LXQv9GC0LDQuzoNCi0g0J3QtSDQvNC+0LPRgyDQv9C+0LLQtdGA0LjRgtGMLCDRh9GC0L4g0YLRiyDQt9C00LXRgdGMLg0K0Jgg0L7QvdCwINC/0YDQvtGI0LXQv9GC0LDQu9CwINCyINC+0YLQstC10YI6DQotINCf0L7QvdC40LzQsNC10YjRjCwg0Y8g0LLRgdC10Lwg0YHQstC+0LjQvCDQvNGD0LbRh9C40L3QsNC8INC00LDRgNGOINC/0LDQu9GM0LzRiy4g0KfRgtC+0LEg0L3QsNC00LXQttC00LAg0LbQuNC70LAg0Lgg0LLRgdGRINGC0LDQutC+0LUuLiDQnNGD0LbRh9C40L3RiyDRgdGC0LDRgNCw0Y7RgtGB0Y8sINC/0L7Qu9C40LLQsNGO0YIsINC90LXQtNC10LvRjiDQuNC70Lgg0LzQtdGB0Y/Rhi4g0J/QvtGC0L7QvCDQuiDQvdC40Lwg0L/RgNC40YXQvtC00LjRgiDQtNGA0YPQs9Cw0Y8g0LbQtdC90YnQuNC90LAsINCx0LXQtyDQsNCz0YDQsNGA0L3Ri9GFINC/0YDQtdGC0LXQvdC30LjQuSwg0Lgg0LLRgdGRLiDQnNGLINC00LXQu9Cw0LXQvCDQstC40LQg0YfRgtC+INC90LjRh9C10LPQviDQvdC1INCx0YvQu9C+Lg0K0KLQvtC70YzQutC+INGC0YssINCh0LXRgNGR0LbQsCwg0LPQvtC0INGB0YLQsNGA0LDQu9GB0Y8sINCwINC/0L7RgtC+0Lwg0LXRidGRINC/0YDQuNC00YPQvNCw0Lsg0Log0YTQuNC90LjQutC+0LLQvtC5INC/0LDQu9GM0LzQtSDQv9GA0LjQu9C10L/QuNGC0Ywg0LrQvtC60L7RgdGLINGB0YLQvtC70Y/RgNC90YvQvCDQutC70LXQtdC8LiDQrdGC0L4g0YLQsNC6INGB0LzQtdGI0L3QviDQuCDRgtGA0L7Qs9Cw0YLQtdC70YzQvdC+LCDRh9GC0L4g0Y8g0LLQt9GP0LvQsCDQuCDQv9GA0LjQtdGF0LDQu9CwLg0KLSDQktC+0L7QsdGJ0LUt0YLQviwg0YHQvdCw0YfQsNC70LAg0Y8g0LTRg9C80LDQuyDQvdCw0LrQu9C10LjRgtGMINCx0LDQvdCw0L3QvtCyIOKAkyDQvtGB0YLQvtGA0L7QttC90L4g0L/QvtGI0YPRgtC40Lsg0KHQtdGA0ZHQttCwLg0KDQrQkiDQvtCx0YnQtdC8LCDRg9C00LDRh9C90L4g0LLRgdGRINGB0LvQvtC20LjQu9C+0YHRjC4g0J7QvSDQtdGRINC70Y7QsdC40Lsg0LfQsCDQtNC+0LHRgNC+0LTQtdGC0LXQu9C4LCDQvtC90LAg0LXQs9C+INC30LAg0YLQvtC70LrQvtCy0L7Qs9C+INCx0YDQsNGC0LAuINCh0LDQvNC+0LzRgyDQsdGA0LDRgtGDINGN0YDQvtGC0LjQutC4INC90LUg0L/QtdGA0LXQv9Cw0LvQviwg0LAg0YLQvtC70YzQutC+INC20LjQu9C/0LvQvtGJ0LDQtNGMINGBINC/0LDQu9GM0LzQvtC5Lg0KDQrQrdGC0L4g0LXRidGRINGH0YLQvi4g0J7QtNC90LAg0LfQvdCw0LrQvtC80LDRjyDQtNC10LLRg9GI0LrQsCDQstC70Y7QsdC70Y/Qu9Cw0YHRjCDQsiDRgtC10YUsINC60YLQviDQtdGRINGB0LzQtdGI0LjRgi4g0JIg0L3QtdC5INCx0YvQu9C+INC/0L7Qu9C90L4g0LjQt9GO0LzQuNC90L7Quiwg0LLQuNC90L7Qs9GA0LDQtNC90LjQuiDQsdGL0LvQsCwg0LAg0L3QtSDQtNC10LLRg9GI0LrQsC4g0JzQsNC70YzRh9C40LrQuCDQsiDQtdGRINGH0LXRgdGC0Ywg0YPRh9C40LvQuCDQutC90LjQttC60Lgg0LDQvdC10LrQtNC+0YLQvtCyLCDQsCDQvtC90LAg0LLRi9GI0LvQsCDQt9CwINCy0L7QtdC90L3QvtCz0L4g0YEg0LrRgNCw0YHQuNCy0YvQvNC4INGD0YHQsNC80LguINCSINC20LXQvdGB0LrQvtC5INC70Y7QsdC+0LLQvdC+0Lkg0LzQvtGC0LjQstCw0YbQuNC4INCy0YHRkSDRg9C20LDRgdC90L4g0LfQsNC/0YPRgtCw0L3Qvi4NCg0KKNGBKSDQvdC8"
"eventtime","2010-04-02 12:14:00"
"current_moodid","126"
"url","http://d-e-s-e-i-s.livejournal.com/27733.html"
"userid","3425"
"itemid","107"
"event","<img src=""http://farm5.static.flickr.com/4056/4386431031_c92e417699_o.jpg"" />"
"eventtime","2010-02-27 12:11:00"
"current_moodid","68"
"url","http://d-e-s-e-i-s.livejournal.com/27508.html"
"userid","3425"
"itemid","106"
"event","PGEgaHJlZj0iaHR0cDovL2Fic3RyYWN0MjAwMS5saXZlam91cm5hbC5jb20vMTA0NjkwNC5odG1sIj7QktGB0LXQvCEg0JLRgdC10LwhINCS0YHQtdC8ISDQntCx0YDQsNGJ0LXQvdC40LUg0YDQvtC00YHRgtCy0LXQvdC90LjQutC+0LIg0L/QvtCz0LjQsdGI0LjRhSDQsiDQlNCi0J8g0L3QsCDQm9C10L3QuNC90YHQutC+0LwhINCd0YPQttC90Ysg0YHQstC40LTQtdGC0LXQu9C4INC4INCy0LjQtNC10L7Qt9Cw0L/QuNGB0LguINCf0L7QttCw0LvRg9C50YHRgtCwLCDQv9C+0LzQvtCz0LjRgtC1LjwvYT4="
"eventtime","2010-02-27 09:21:00"
"url","http://d-e-s-e-i-s.livejournal.com/27227.html"
"userid","3425"
"itemid","105"
"event","0KDQuNGB0L7QstCw0Lsg0LTQu9GPINC/0L7Qt9C00YDQsNCy0LvQtdC90LjRjyDRgSDRgNC10LDQu9GM0L3Ri9GFINC70Y7QtNC10LkgOikgDQrQmtC70LjQv9Cw0YDRgtGLINC00LvRjyDRhNC+0L3QsCDQvdC1INC80L7QuA0KDQo8aW1nIHNyYz0iaHR0cDovL2Zhcm0zLnN0YXRpYy5mbGlja3IuY29tLzI2NzkvNDM4OTU3Mzg0Nl8yNTUzOGJkYzhkX28uanBnIiAvPg=="
"eventtime","2010-02-26 12:13:00"
"current_moodid","106"
"url","http://d-e-s-e-i-s.livejournal.com/27125.html"
"userid","3425"
"itemid","104"
"event","<img src=""http://farm3.static.flickr.com/2712/4386431035_3d41c08532_o.jpg"" />"
"eventtime","2010-02-25 13:18:00"
"current_moodid","126"
"url","http://d-e-s-e-i-s.livejournal.com/26867.html"
"userid","3425"
