"names","values"
"itemid","243"
"event","ZnJpZW5kcyBPTkxZPw0Kbm8tbm8tbm8uLi4NCg0K0LLRi9Cx0L7RgNC+0YfQvdC+Li4uQ0xPU0UgZnJpZW5kcyBvbmx5Lg=="
"eventtime","2011-08-11 15:15:00"
"url","http://hamburg20.livejournal.com/62444.html"
"userid","6032"
