"names","values"
"itemid","28"
"event","<p>DEAR GOOOOOD!!!<br />I DO NOT BELIEVE THIS!<br />OMG THIS NEEDS SPECIAL EMPHASIS BY WRITING IN CAPSLOCK!! AND NOW GERMAN!!<br />ICH FASSE ES NICHT!!!<br />KEIN BISSCHEN!!!<br />ICH GLAUBE ES EINFACH NICHT!!<br />ICH GLAUB ICH WERF MICH GLEICH AUS DEM FENSTER!!<br />AAAAAAAAAAAAAAAHHHHHHHHHHHHHH ICH WERD HIER NOCH TOTAL WAHNSINNIG.<br /><br />bye.</p>"
"eventtime","2007-05-14 21:30:00"
"url","http://ju-jules.livejournal.com/7337.html"
"userid","7655"
"itemid","27"
"event","seriously, the world has left me.
oh and what is up with friday the thirteenth? why didnt anything happen? you know, usually things happen on days like that. to me, anyway.
i think i need a new account, but im too lazy to make one. man.&nbsp;
people are finishing school all around me. and this keyboard sucks.
add me on msn. vanytronic@hotmail.de
thankew. maaan, im the lamest ever."
"eventtime","2007-04-14 11:04:00"
"current_moodid","61"
"url","http://ju-jules.livejournal.com/7060.html"
"userid","7655"
"itemid","26"
"event","ZXMgaXN0IG1hbCB3aWVkZXIgemVpdCBmw7xyIGVpbmVuIGVudHJ5LCB1bmQgZGllc2VuIG1hY2hlIGljaCBpbiBkZXV0c2NoLCB3ZWlsIGphIGthLiANCmljaCBoYWIgbmljaG1hbCBhaG51bmcgd2FzIGljaCBzY2hyZWliZW4gc29sbCwgYXXDn2VyIGRhc3MgaW4gbGV0enRlciB6ZWl0IGFsbGVzIHJlY2h0IGd1dCBsaWVmIC4uLiB2bGx0IG5pY2h0IGRhcyBtaXQgZGVtIGJsb25kZW4ganVuZ2VuIHZvbiBkZW0gaWNoIGVyesOkaGx0IGhhYi4gYWJlciBlZ2FsLCBlcyBnaWJ0IGFuZGVyZSwgZGllIHNpY2ggdGF0c8OkY2hsaWNoIHVtIG1pY2gga8O8bW1lcm4uIG1tbWhtbS4mbmJzcDsNCmxqIGhhc3N0IG1pY2ggZ3JhZGUsIGRlc2hhbGIgaMO2ciBpY2ggamV0enQgaGllciBtYWwgd2llZGVyIGF1Zi4mbmJzcDsNCmJ5ZS1vLg=="
"eventtime","2007-01-15 20:37:00"
"current_moodid","92"
"url","http://ju-jules.livejournal.com/6827.html"
"userid","7655"
"itemid","25"
"event","<font size=""1""><font size=""5""></font><p align=""center""><font size=""6"">to read the other entries - add me.</font><br /><br /><br />umm, guys, i haven't updated in a freakishly long time. it's because i never know what to write. my life has become extremely boring in the last months.&nbsp;<br />it's like ... nothing but school. ah well, sometimes it's also friends and fun, but it's the usual stuff and i'm sure you don't wanna hear about that.&nbsp;<br /><br />i've just fallen madly in love with&nbsp;<a href=""http://i5.photobucket.com/albums/y160/lamunablu/LovemesomeBOB.jpg"">BOB</a> and some other boy. i don't know if i can tell you his name, because if someone, say, unwanted reads this ima die. let's just say he's blond. as is ephram, who still is the cutest boy in the towwwwn. his hair has grown, btw. i want to touch it. so badly.&nbsp;<br />but back to bobby. i bet you guessed in which band he is in. yes i still love them. no, i don't love their new album. i'm sorry guys, do it better next time.<br />and, because life was so boring, i watched like 243645835393 episodes of CRIMINAL MINDS, my favourite show second only&nbsp;to NCIS. (i actually made a typo and wrote NCIA - i think that's great haha).<br />what else - ah, i dyed my hurr. it's somewhat red now. go to my <a href=""http://www.myspace.com/takenfrombehind"">myspace</a>&nbsp;if you want to see crappy pictures. add me if you want to.&nbsp;<br />hmm. i don't know what else (umm, it seems i'm in love with that phrase) i could say. maybe i'll update on a regular basis from now on. but i'm not sure.&nbsp;<br /><br />&lt;3<br /><br />ily.</p></font>"
"eventtime","2006-11-06 20:42:00"
"current_moodid","61"
"url","http://ju-jules.livejournal.com/6482.html"
"userid","7655"
"itemid","22"
"event","SGFoLCBpdCdzIHdvcmxkIGN1cCBpbiBteSB3b25kZXJmdWwgY291bnRyeSBhbmQgb2ggbXkgZ29kIHdlIGdvdCBpbnRvIHRoZSBzZW1pLWZpbmFscy4gYW5kIG5vdyB3ZSdyZSBvdXQuIHdlIGxvc3QuIHdob28sIEknbSBzYWQuIEl0YWx5LiBCYWQsIGJhZCBJdGFseS4gZ28gYXdheSBwYWluIGFuZCBzYWRuZXNzLg0KDQpXZSBkZXNlcnZlZCBpdC4gV2Ugc2hvdWxkJ3ZlIHdvbiB0aGlzLiZuYnNwOw0KDQo1NCwgNzQsIDkwLCAyMDEwIGphIHNvIHN0aW1tZW4gd2lyIGFsbGUgZWluDQptaXQgZGVtIGhlcnogaW4gZGVyIGhhbmQgdW5kIGRlciBsZWlkZW5zY2hhZnQgaW0gYmVpbg0Kd2VyZGVuIHdpciB3ZWx0bWVpc3RlciBzZWluDQoNCg0KZWluaWdrZWl0IHVuZCByZWNodCB1bmQgZnJlaWhlaXQgZsO8ciBkYXMgZGV1dHNjaGUgdmF0ZXJsYW5kLg=="
"eventtime","2006-07-05 19:32:00"
"url","http://ju-jules.livejournal.com/5858.html"
"userid","7655"
"itemid","17"
"event","SGV5LjxiciAvPkFobSwgaWNoIGxlc2UgaGllciBncmFkIHNvIG4gcGFhciBLb21tZW50YXJlIHp1IEZhbmZpY3Rpb25zIHZvbiB1bnNlciBhbGxlciBYZXJwZXJ1cy4gSmEsIGljaCB3ZWnDny48YnIgLz5OdW4sIG1pY2ggc3TDtnJ0IG5pY2h0IFhlcnBpcyBGYW5maWN0aW9uLCBkb2NoIGRhcyB0dW4gc2llLCBhYmVyIGRhcyBpc3QgamV0enQgbmljaHQgSGF1cHRncnVuZCwgbWljaCBzdMO2cmVuIGRpZSBiZXNjaGV1ZXJ0ZW4gIktvbW1pLVNjaHJlaWJlciIuPGJyIC8+VmVyZGFtbXQgbm9jaG1hbCwgU2V2ZXJ1cyBTbmFwZSBoZWnDn3QgbmljaHQgIlNldiIhIEFsYnVzIER1bWJsZWRvcmUgaGVpw590IG5pY2h0ICJEdW1iaSIhIEljaCB3ZWnDnyBuaWNodCwgd2llIGRpZXNlIExldXRlIGRhcmF1ZiBrb21tZW4uIEVzIG5pbW10IGRvY2ggbmljaHQgdmllbCBaZWl0LCBkZW4gTmFtZW4gbWFsIGF1c3p1c2NocmVpYmVuLiBVbmQgU25hcGUgaXN0IHNjaG9uIGdhciBuaWNodCAibGllYiIgb2RlciBnYXIgImtudWZmaWciIHp1IEhhcnJ5LCBkZXIgw7xicmlnZW5zIDxzdHJvbmc+SGFycnkgUG90dGVyPC9zdHJvbmc+IGhlacOfdCB1bmQgbmljaHQgIkFuZ2VsdXMiLCAiSmFtaWUiLCBvZGVyIHdhcyB3ZWnDnyBpY2guIEVyIGlzdCB2ZXJkYW1tdCBub2NobWFsIGVpbiBQb3R0ZXIhIER1bWJsZWRvcmUgaGF0IHdlZGVyIE1wcmVnLVNpcml1cyhuaWNodCAiU2lyaSIpLCBub2NoIE1wcmVnLVZvbGRpZShWb2xkaWUgbGFzcyBpY2ggbm9jaCBkdXJjaGdlaGVuLCBhYmVyIGdhbnogc2ljaGVyIG5pY2h0IFRvbS4gU28gbmVubnQgaWhuIG51ciBEdW1ibGVkb3JlLiksIG5vY2ggTXByZWctU25hcGUgb2RlciBpcmdlbmRlaW5lbSBNYW5uIGluIFBvdHRlcnZlcnNlIHdlZ2dlbm9tbWVuLiBOZWluLiBFciBoYXQgdmVyZGFtbXQgbm9jaCBtYWwgTGlsbHlzKG5pY2h0IExpbGx5LWljaC1oYWJlLWFjaC1zby12aWVsZS1OYW1lbi1Qb3R0ZXIpJm5ic3A7QXVnZW4gdW5kJm5ic3A7aXN0IEphbWVzKGRpdG8pIHdpZSBhdXMgZGVtIEdlc2ljaHQgZ2VzY2huaXR0ZW4hIEVyIGhhdCBpbSBTcGllZ2VsIE5lcmhlZ2ViIHNlaW5lIGdlc2FtdGUgRmFtaWxpZSBnZXNlaGVuLCBkYXJ1bnRlciBhdWNoIGVpbmVuIFphdWJlcmVyIG1pdCBkZW4gc2VsYmVuIGtudWJiZWxpZ2VuIEtuaWVuLiBVbmQgaWhyIENhbm9uLVJhcGVyIGvDtm5udCBlcyBuaWNodCDDpG5kZXJuLiBFciBpc3QgdW5kIGJsZWlidCBIYXJyeSA8c3Ryb25nPlBvdHRlcjwvc3Ryb25nPi4gTmljaHQgU25hcGUtUmlkZGxlLUJhbGNrIG9kZXIgd2FzIHdlacOfIGljaC4mbmJzcDs8YnIgLz5XZWl0ZXIsIER1bWJlbGRvcmUgaXN0IDxlbT5uaWNodCA8L2VtPmRlciBVYmVyLUV2aWwtTG9yZC4gRGFzIGlzdCBWb2xkZW1vcnQhIFVuZCBuaWVtYW5kIGFuZGVyZXMuIFR1dCBtaXIgbGVpZCwgZGFzcyBpY2ggZ3JhZGUgU8OkdHplIG1pdCAidW5kIiBhbmZhbmdlLCBhYmVyIEJhZGZpYyBmw6RyYnQgYWIuIEJlc29uZGVycyBYZXJwZXJ1cywgZGEgaWhyZSB3aXJrbGljaCZuYnNwO2FuIExvZ2lrIG5pY2h0IHp1IMO8YmVydHJlZmZlbiBzaW5kLiBXZW5uIGRhIGplbWFuZCBhdXMgZGVtIFRva2lvIEhvdGVsIEZhbmRvbSBkYWhlciBrb21tdCwgdW5kIGVpbmUgdW5sb2dpc2NoZSBGYW5maWMgc2NocmVpYnQsIGRhbm4gaXN0IGRhcyB3aXJrbGljaCBub2NoIGdhbnogd2l0emlnIHVuZCByZWxhdGl2IHPDvMOfIHNvZ2FyLCBhYmVyIGRhcyB3YXMgWGVycGVydXMgZGEgbWFjaHQgaXN0IHVuZ2xhdWJsaWNoLiBJbnplc3QsIEJla2xvcHB0ZW4tU2xhc2ggZGVyIMO8YmVsc3RlbiBTb3J0ZSwgTXByZWcgLi4uIHVuZCBGcmF1ZW4gc2luZCBnZWxkZ2VpbGUgU3TDvGNrZSwgZGllIG51ciBhdWYgZGFzIEVyYmUgdm9uIGRpZXNlbSB1bmQgamVuZW0gYXVzIHNpbmQsIGR1cmNodHJpZWJlbiBoaW50ZXJow6RsdGlnIHVuZCB3ZW5uIG1hbiBlcyBzbyB3aWxsLCBrb21wbGV0dCDDvGJlcmZsw7xzc2lnLiBNw6RubmVyIGvDtm5uZW4gZG9jaCBzY2h3YW5nZXIgd2VyZGVuLCB3b3p1IGRhbm4gbm9jaCBGcmF1ZW4gaW0gRmFuZG9tPyBNY0cga8O2bm5lbiB3aXIgbWFsIGViZW4gZHVyY2ggbmVuIG5ldWVuLCBtZWlzdCBWYW1waXItTG9yZCwgTGVocmVyLURlcHBlbiBlcnNldHplbiwgZGVyIGVoIG51ciBlaW4gU2tsYXZlIHZvbiBIYXJyeSB1bmQgS29uc29ydGVuIGlzdCB1bmQgR2lubnkgdW5kIEhlcm1pb25lIGFtcHV0aWVyZW4gd2lyIG1hbCBlYmVuIGRhcyBIaXJuLCBkYW1pdCBzaWUgbWVociBhbHMgT09DIHNpbmQuJm5ic3A7PGJyIC8+V2FzIG1pY2ggbm9jaCBzdMO2cnQgaXN0LCBkYXNzIExlaHJlciBtaXQgaWhyZW4gU2Now7xsZXJuLCBTY2h1dHpiZWZvaGxlbmVuIGFsc28sIEJlemllaHVuZ2VuIGVpbmdlaGVuLiBTZXh1ZWxsZSwgd29obGdlbWVya3QuIFVuZCBtYW5jaG1hbCwgb2RlciBiZXNzZXIsIG1laXN0ZW5zIG5pY2h0IG1hbCBmcmVpd2lsbGlnLiBEYSB3aXJkIEhhcnJ5IG9kZXIgR2lubnkgb2RlciB3ZXIgYXVjaCBpbW1lciwgbWFsIGViZW4gc2NobmVsbCB2b24gU25hcGUgb2RlciBkZW0gbmV1ZW4gU3VwZXItT2Jlci1FdmlsLVZhbXBpci1EYXJrIVZlZWxhLUxlaHJlciB2ZXJnZXdhbHRpZ3QuIEphLCB2ZXJnZXdhbHRpZ3QsIGJldm9yenVndCBpbSBLZXJrZXIgYW4gZGllIFdhbmQgZ2VmZXNzZWx0LiBBYmVyIGRhcyBpc3QgbmF0w7xybGljaCBhbGxlcyB0b3RhbCBva2F5LCB3aXIgc2luZCBqYSBpbiBlaW5lbSBBVSwgZGEga8O2bm5lbiB3aXIgZG9jaCBtYWNoZW4gd2FzIHdpciB3b2xsZW4uIEF1Y2ggZWluIEFVIGlzdCBlaW4gVW5pdmVyc3VtLCB6d2FyIGVpbiBhbHRlcm5hdGl2ZXMsIGFiZXIgZXMgc29sbHRlIGdlbmF1c28gZ3V0IGJlaGFuZGVsdCB3ZXJkZW4gd2llIGRlciBDYW5vbi4gTWFuIGthbm4gc2ljaCBzZWxic3QgaW0gQVUgYW4gZGVuIENhbm9uIGhhbHRlbiB1bmQgSUMgc2NocmVpYmVuLiBVbmQgd2VubiBkYXMgZ2FyIG5pY2h0IGdlaHQsIGRhbm4gc2NocmVpYnQgenVyIEjDtmxsZSBPcmlnaW5hbCBGaWN0aW9uISBXYXJ1bSBtdXNzIGVzIGVpbmVuIEp1bmdlbiBpbiBlaW5lciBGaWN0aW9uIGdlYmVuLCBkZXIgSGFycnkgUG90dGVyIGhlacOfdCwgb2J3b2hsIGRpZSBGaWd1ciBuaWNodHMsIGFiZXIgYXVjaCBnYXIgbmljaHRzLCBtaXQgZGllc2VtIENhbm9uIENoYXJhY3RlciB6dSB0dW4gaGF0PyBXYXJ1bSBlaW4gVm9sZGVtb3J0LCB3ZW5uIG1hbiBzaWNoIGRvY2ggYXVjaCBzZWxiZXIgTmFtZW4gZsO8ciBkZW4gT2Jlci1FdmlsLSwgYWNoIFF1YXRzY2gsIGljaCBtZWluZSBPYmVyLUxpZWIgdW5kIG5ldHQgdW5kIGtudWZmaWctVG9tIGF1c2RlbmtlbiBrYW5uPyBIYWxsbz8mbmJzcDs8YnIgLz5VbmQgZGFubiBkaWUgT0NzLiBFcyBnaWJ0IGd1dGUsIGFiZXIgZGllIG1laXN0ZW4gc2luZCBlaW5mYWNoIG51ciBibGFua2VyIFNjaHdhY2hzaW5uLiBWZXJzdWNodCBkb2NoIG1hbCwga2VpbmVuIFN0dSB1bmQga2VpbmUgU3VlIHp1IHNjaHJlaWJlbi4gRXMgZ2VodCB3aXJrbGljaC4gR2VidCBldXJlbiBPQyBTY2h3w6RjaGVuLCBkaWUgZ2xhdWJoYWZ0IHNpbmQuIFN0w6Rya2VuIGRpZSBnbGF1YmhhZnQgc2luZCB1bmQgZWluIEF1c3NlaGVuLCBkYXMgZ2xhdWJoYWZ0IGlzdC4gV2VubiBpY2ggYXVjaCBudXIgbm9jaCBlaW5tYWwgdm9uIGVpbmVyIExpbGEtQXVnZW4tU3VlIG1pdCBXYW5kbGVzcyBNYWdpYyBsZXNlLCBkYW5uIHdlcmRlIGljaCAuLi4gYWNoLCB3YXMgd2Vpw58gaWNoLiBHb3R0IHNlaSBEYW5rLCBnaWJ0IGVzIG5pY2h0IHNvb28gdmllbGUgRGVwcGVuLVN1ZXMgaW0gZGV1dHNjaGVuIFBvdHRlciBGYW5kb20uIERhcyBlbmdsaXNjaGUgaGF0IGVzIGRhIHNjaG9uIGJlZGV1dGVuZCBzY2h3ZXJlciwgZGEgYW5kYXVlcm5kIGlocmUgd2VsY2hlIEFtaS1TdWVzIG5hY2ggw5xiZXJzZWUga29tbWVuIHVuZCB3YWhsd2Vpc2UgSGFycnkgb2RlciBHZWlsIHVuZCB0eXBpc2NoIFNseXRoZXJpbiFEcmFjbyBiZWZhbGxlbi4gT2RlciBTbmFwZXkuIE9kZXIgU2lyaXVzLiBPZGVyIGdlbGNpaCBkaWUgZ2FuemVuIE1hcmF1ZGVycywgYWJlciBvaG5lIFBldGVyLCBiZWNhdXNlIGhlIGZ1Y2tpbmcgU1VDS1MhISExMW9uZSBNYXJhdWRlci1TdWVzIG1pdCBpUG9kcy4gSW4gZGVuIDcwZXJuLiBPaCBHb3R0LCBkYXMgaXN0IHNjaGxpbW0uIFNvbGx0ZXQgaWhyIGRvY2ggbWFsIGluIGRpZSBTdWUtRmFsbGUgZ2V0YXBwdCBzZWluLCBrZWluZSBBbmdzdCwgYXVjaCBTdWVzIGvDtm5uZW4gZ2xhdWJoYWZ0IHNlaW4uIEFiZXIgZGFubiBtw7xzc3QgaWhyIHNjaG9uIHZlcmRhbW10IGd1dCBzY2hyZWliZW4ga8O2bm5lbi4gSWNoIG3DtmNodGUgbWljaCBhdWNoIG5pY2h0IMO8YmVyIGFsbGUgRmFuZmljIEF1dG9yZW4gc3RlbGxlbiwgYWJlciBiZXNzZXIgYWxzIEJhZGZpYyBiaW4gaWNoIGRhbm4gc2Nob24uIE51ciBsaWVndCBtZWluIFNwZXppYWwtR2ViaWV0IGJlaSBkZW4gVGhlYXRlcnN0w7xja2VuIHVuZCBuaWNodCBzbyBzZWhyIGJlaSBGYW5maWN0aW9uLiBJY2ggcnV0c2NoZSBlaW5mYWNoIGltbWVyIHp1IGxlaWNodCBpbiBkaWUgIlBhcm9kaWUiLVNwYWx0ZS4gRXJuc3RoYWZ0aWdrZWl0PyBOZWluLCBuaWNodCBiZWkgbWlyIHgzIEFiZXIgZWdhbC48YnIgLz5OdW4genUgZGVuIEtvbW1lbnRhcmVuLiBKYSwgS2luZGVyLCBzaWUgaGVpw59lbiAiS29tbWVudGFyZSIgdW5kIG5pY2h0ICJLb21taXMiLiBVbmQgZWluIEthcGl0ZWwgaGVpw590ICJLYXBpdGVsIiB1bmQgbmljaHQgIlBpdGVsIiwgIkNoYXAiLCAiQ2hhcHBpIiwgIkthcHBpIiBvZGVyIHdhcyBkZW4gWnfDtmxmamFocmlnZW4gbm9jaCBzbyBhbGxlcyBlaW5mw6RsbHQuJm5ic3A7PGJyIC8+T2theSwgbnVuIGVpbiBwYWFyIEtvbW1lbnRhcmUgZGFzIEdyYXVlbnMsIGdlZnVuZGVuIDxhIGhyZWY9Imh0dHA6Ly9hbmltZXh4LjRwbGF5ZXJzLmRlL2ZhbmZpYy8/ZG9jX21vZHVzPWtvbW1lbnRhcmUmYW1wO2ZmPTkzNjE2JmFtcDtyZWxpbms9JTJGZmFuZmljJTJGJTNGZG9jX21vZHVzJTNEYXV0b3JfbGlzdGUlMjZhdXRvciUzRDc0NjMxJTI2cmVsaW5rJTNEJTI1MkZmYW5maWMlMjUyRiUyNTNGZG9jX21vZHVzJTI1M0RhdXRvcmVuX2xpc3RlJTI1MjZ2b24lMjUzREolMjZvcmRlciUzRDk5JTI2c2VpdGUlM0QxJmFtcDtzZWl0ZT0xMiI+aGllcjwvYT46PGJyIC8+DQo8ZGl2IGNsYXNzPSJsamN1dCIgdGV4dD0iQ3V0LCB3ZWdlbiDDvGJlcmzDpG5nZSI+PGZvbnQgZmFjZT0iVmVyZGFuYSIgc2l6ZT0iMiI+PGVtPkNvb2whISEhIGRlciBrYXBpIHdhciBzdXBlciEhIDxiciAvPnNjaHJlaWIgc2NobmVsbCB3aWV0ZXIhIGRpZXNlIHN0b3J5IHdpcmQgbm9jaCBzZWhyIGludGVyZXNzYW50LiA8YnIgLz5ieWU8YnIgLz48YnIgLz48L2VtPiZndDtkZXIgS2FwaXRlbD8gQWhhLjxiciAvPjxiciAvPjxlbT5IZXkhISE8YnIgLz5TdXBlciBrYXBwaSEhISBCaXR0ZSBzY2hyZWliIHNjaG5lbGwgd2VpdGVyISBCaW4gc2Nob24gbmV1Z2llcmlnIHdpZSAncyB3ZWl0ZXJnZWh0ISEhPGJyIC8+RnJldSBtaWNoIGF1ZnMgbsOkY2hzdGUga2FwcGkuPGJyIC8+QnllPGJyIC8+PGJyIC8+PC9lbT4mZ3Q7RGllc2VyIEtvbW1lbnRhciB3dXJkZSBzbyB1bmdlZsOkaHIgNTB4IG1hbCB2b24gdW5nZWbDpGhyIGRyZWkgdmVyc2NoaWVkZW5lbiBQZXJzb25lbiBnZXBvc3RldC48YnIgLz48YnIgLz48ZW0+SGV5ISEhPGJyIC8+ZGFzIGthcHBpIGlzdCBlY2h0IHN1cGkhISEgYml0dGUgYml0dGUgdmVyw7ZmZmVudGxpY2hlIHNjaG5lbGwgZGFzIG5ldWUga2FwcGkuICpzw7xjaHRpZyBiaW4qPGJyIC8+ZnJldSBtaWNoIGF1ZiBkaWUgRm9ydHNldHp1bmcuPGJyIC8+YnllPC9lbT48YnIgLz48YnIgLz4mZ3Q7RGFzIHNlbGJlIHdpZSBiZWltIG9iZXJlbiBLb21tZW50YXIuIE51ciBlaW4gdW5kIGRpZSBzZWxiZSBQZXJzb24uPGJyIC8+PGJyIC8+PGVtPm9oIG1hbm4sIHdlciBrb21tdCBkZW4gYXVmIGluemVzdD8/PC9lbT48c3Ryb25nPlhlcnBlcnVzIHZpZWxsZWljaHQ/PC9zdHJvbmc+PGVtPiZuYnNwO2VnYWwuIF5ePGJyIC8+a2xhc3NlIGthcGl0ZWwsIGVjaHQsIGFiZXIgaWNoIGhhYiBnZWRhY2h0LCBkYXM8YnIgLz5hbGV4IHVuZCBuZXJ2Jm5ic3A7PC9lbT48c3Ryb25nPkhlacOfdCBkZXImbmJzcDsnTmVydmlsbGUnPyBOZXJ2IGlzdCBkYXMgcmljaHRpZ2UgV29ydCpncnVtbWVsKjwvc3Ryb25nPjxlbT4mbmJzcDtkYXMgcGVyZmVrdGUgcGFhciB3w6RyZW4uIGRhYmVpIHNjaGVpbnQgPGJyIC8+ZXMgc28sIGFscyBvYiBuZXJ2PC9lbT48c3Ryb25nPipsb2wqPC9zdHJvbmc+PGVtPiBzaWNoIG5lbiBuZXVlbiBwYXJ0bmVyIGdlc3VjaHQgaGF0LiBeXiA8YnIgLz5vaG1hbm4uIGhhcnJ5IG5pbW10IHNpY2ggYWJlciBhdWNoIHZpZWxlLjwvZW0+PHN0cm9uZz5IYXJyeSBpcyBqYSBhdWNoIGRlciBWYW1waXItT2Jlci1Mb3JkLjwvc3Ryb25nPjxlbT4mbmJzcDt3b2xsdGUgZXIgbmljaCA8YnIgLz5zZWluZW0gcmVtaSB0cmV1IGJsZWliZW4/PzwvZW0+PHN0cm9uZz4xLlJlbXVzIDIuIEhhbGxvLCBkdSBsaWVzdCBoaWVyJm5ic3A7ZWluZSBGRiB2b24gWGVycGVydXM/PC9zdHJvbmc+PGVtPiZuYnNwO2tsYXIsIGVzIGlzIGtlaW4gcmljaHRlciBzZXgsIDxiciAvPmFiZXIgZXMgd2lyZCBoZWZ0aWcgZ2VrbnV0c2NodCB1bmQgZ2ViaXNzZW4uICpsb2w8YnIgLz5nZWbDpGx0IG1pciBhYmVyPC9lbT48c3Ryb25nPk9oIEdvdHQuIEljaCBoYWIgZGVuIEdsYXViZW4gYW4gZGllIE1lbnNjaGhlaXQgdmVybG9yZW48L3N0cm9uZz48ZW0+LCBeXjxiciAvPmJ5ZSAqa251ZGRlbDxiciAvPjxiciAvPjwvZW0+U28gbWVociBrYW5uIGljaCBqZXR6dCBuaWNodCBwb3N0ZW4sIHNvbnN0IHdpcmQgbWlyIGVjaHQgc2NobGVjaHQuIEd1dCwgZGFzIGlzdCBtaXIgc2Nob24sIGFiZXIgZWdhbC4gTmVpbiwgYWghIEljaCBoYWJlICJHdXQsLi4uIiBiZW51dHp0LiBYZXJwZXJ1cyBoYXQgbWljaCBpbiBCZXNpdHogZ2Vub21tZW4hIEhJTEZFISBKYSwgaXN0IGphIGd1dCwgQ2Fwc2xvY2ssIGljaCBsYXNzIGRpY2ggaW4gUnVoZS4gT2theSwgYmV2b3IgaWNoIGFuZmFuZ2Uga29tcGxldHQgZHVyY2h6dWRyZWhlbiwgd2VpdGVyLjxiciAvPjwvZm9udD48L2Rpdj4NCjxiciAvPlNvIGVpbiBzdXBpISEhISEhISEhISEhISEhMTExIEtvbW1lbnRhciBpc3QgZGFzIExldHp0ZSB3YXMgaWNoIG1pciBhbHMgQXV0b3Igd8O8bnNjaGUuIFVuZCBhdWNoIGtlaW46ICJIbW0sIGRhcyBtaXQgYmxhaCBibGFoIGJsYWggaXN0IGFiZXIga29taXNjaC4gQWJlciBlZ2FsLCBkZWluZSBGaWMgaXN0IGdlaWwgdW5kIGRhIGlzdCBiZXN0aW1tdCBuaWNodHMgZHJhbiBrb21pc2NoISBEaWUgaXN0IHN1cGVyIGxvZ2lzY2ghIi4gS29uc3RydWt0aXZlIEtyaXRpayB3aWxsIGRlciBBdXRvci4gWGVycGVydXMgdmllbGxlaWNodCBuaWNodCwgYWJlciBkZXIgZHVyY2hzY2huaXR0cyBBdXRvciBzY2hvbi4gVW5kIHdhcyBmYXN0IGdlbmF1c28gc2NobGltbSBpc3QsIGlzdCBuZWdhdGl2ZSBLb21tZW50YXJlIHVuZCBhdWNoIGtvbnN0cnVrdGl2ZSBLcml0aWsgZWluZmFjaCB6dSBsw7ZzY2hlbi4gU28gZ2VodCBkYXMgbmljaHQuPGJyIC8+RWluIEtvbW1lbnRhciBub2NoLCBlciBow6R0dGUgZ3V0IHNlaW4ga8O2bm5lbiwgYWJlciBkYW5uLi4uPGJyIC8+WnUgPGEgaHJlZj0iaHR0cDovL3d3dy5mYW5maWt0aW9uLmRlL3MvNDM5NmZkODQwMDAwMTAyZTA2NzAwN2QwIj5kaWVzZXI8L2E+Jm5ic3A7RkYgdm9uIFhlcnBlcnVzOjxiciAvPg0KPGRpdiBjbGFzcz0ibm9ybWFsdGV4dCI+PGVtPkhhbGxvPz8/PGJyIC8+V2FzIGlzIGRlcyBkZW5uIGbDvHIgwrRuZSBhYmdlZmFocmVuZSBGYW5maWM/IERpZSBoYXQgZG9jaCBuaXggbWVociBtaXQgSGFycnkgUG90dGVyIHp1IHR1biEhISBBbHNvIGVjaHQ/IFdlbGNoZXIgVm9sZGVtb3JkIHfDvHJkZSBzY2hvbiBzYWdlbjogIkljaCBrYW5uIHNjaGxpZcOfbGljaCBrZWluZW4gSG9jaGVsZmVuIHVtYnJpbmdlbiEiIEhhbGxvPz8/IEVyIGhhc3N0IEhhcnJ5ISBIYXJyeSBpcyBzY2hsaWXDn2xpY2ggZGVyLCBkZXIgaWhuIHNjaGx1c3NlbmRsaWNoIHVtYnJpbmdlbiB3aXJkISBIYWxsbz8/Pz8gRGVyIENoYXJhIHZvbiBWb2xkZW1vcmRzIEJydWRlciBpcyBlY2h0IG9rLCBhYmVyIGRlciBSZXN0Pz8/IFdlbiB3aWxsc3QgZHUgZWlnZW50bGljaCB2ZXJhcnNjaGVuPyBEZXMgaXMgc28gZWluIE1pc3QsIGRlcyBnaWJ0cyBnYXIgbmljaHQhISBXaWUgYWx0IGJpc3QgZHU/IEbDvG5mPyEhITxiciAvPjxiciAvPmhkbDxiciAvPk5hZ2k8YnIgLz4qc21pbGUqIElzIG5pY2h0IGLDtnNlIGdlbWVpbnQuPGJyIC8+PGJyIC8+PC9lbT5Iw6R0dGUgc2llIGRhcyAiaGRsIiB1bmQgZGFzICJpcyBuaWNodCBiw7ZzZSBnZW1laW50IiBtYWwgd2VnZ2VsYXNzZW4uIFVuZCBkaWUgdmllbGVuID8gdW5kICEsIGFiZXIgZWlnZW50bGljaCBtYWNoZW4gZGllIGFsbGVzIG51ciBub2NoIHN0w6Rya2VyXl48YnIgLz48YnIgLz5IYWgsIHNvIGpldHp0IGhhYmUgaWNoIGxhbmdlIGdlbnVnIHJ1bWdlcmFudGV0LiBNZWluZSBNZWludW5nIHfDpHJlIGRhbWl0IGdlc2FndCwgdW5kIG1laW4gw4RyZ2VyIGF1Y2ggc2Nob24gZmFzdCB3ZWcuJm5ic3A7PGJyIC8+SmV0enQgc2NocmVpYnQgaWhyIGV1cmUgTWVpbnVuZywgdW5kIHdlbm4gaWhyIG1pY2ggbGllYiBoYWJ0LCBmcmllbmRlZCBtaWNoXl4oamFqYSwgaWNoIHdlacOfLCBpY2ggYmluIG4gbG9zZXIpPGJyIC8+PGJyIC8+R29vZG5pZ2h0LCBnb29kbmlnaHQuLi4qaW5zZXJ0IGZhdm91cml0ZSBTaGFrZXNwZWFyZSAiR29vZG5pZ2h0Ii1Qb2VtIGhlcmUqPC9kaXY+"
"eventtime","2006-04-08 19:39:00"
"current_moodid","24"
"url","http://ju-jules.livejournal.com/4373.html"
"userid","7655"
"itemid","14"
"event","hiya muffin;)<br />yeah, I started icon-making some time ago (one year actually) and I thought, I might share some with you :)<br />There're only a few, but...oh, well x3<br /><br /><strong>[3] Paul Banks<br />[8] My Chemical Romance - Helena Video<br />[3] Random photos<br /><br /></strong>
<div class=""ljcut"" text=""Icons!"" align=""center"">1//<img alt="""" src=""http://i5.photobucket.com/albums/y160/lamunablu/Icons/17.png"" /> 2//<img alt="""" src=""http://i5.photobucket.com/albums/y160/lamunablu/Icons/15.png"" /> 3//<img alt="""" src=""http://i5.photobucket.com/albums/y160/lamunablu/Icons/14.png"" /><br />4//<img alt="""" src=""http://i5.photobucket.com/albums/y160/lamunablu/Icons/toro01.png"" /> 5//<img alt="""" src=""http://i5.photobucket.com/albums/y160/lamunablu/Icons/helena01.png"" /> 6//<img alt="""" src=""http://i5.photobucket.com/albums/y160/lamunablu/Icons/frankmikey01.png"" /><br />7//<img alt="""" src=""http://i5.photobucket.com/albums/y160/lamunablu/Icons/gee08.png"" /> 8//<img alt="""" src=""http://i5.photobucket.com/albums/y160/lamunablu/Icons/gee06.png"" /> 9//<img alt="""" src=""http://i5.photobucket.com/albums/y160/lamunablu/Icons/gee05.png"" /><br />10//<img alt="""" src=""http://i5.photobucket.com/albums/y160/lamunablu/Icons/gee04.png"" /> 11//<img alt="""" src=""http://i5.photobucket.com/albums/y160/lamunablu/Icons/gee01.png"" /> 12//<img alt="""" src=""http://i5.photobucket.com/albums/y160/lamunablu/Icons/08.png"" /><br />13//<img alt="""" src=""http://i5.photobucket.com/albums/y160/lamunablu/Icons/05.png"" /> 14//<img alt="""" src=""http://i5.photobucket.com/albums/y160/lamunablu/Icons/03.png"" /><br /><br />Ok, comment and credit if taking please :)<br />Textless icons are NOT bases.<br /></div>"
"eventtime","2006-03-24 17:10:00"
"current_moodid","41"
"url","http://ju-jules.livejournal.com/3735.html"
"userid","7655"
"itemid","9"
"event","<p align=""center""><br />&nbsp; <font size=""3"">Friends Only.<br /></font><font size=""1"">comment to be added.</font><br /><br /><br /></p>
<div class=""ljcut"" text=""Cut!"">I want you to have a look at these journals. They are so funny and great, I love them:<br /><span class=""ljuser""><img style=""VERTICAL-ALIGN: bottom"" height=""17"" alt="""" width=""17"" src=""/stc/fck/editor/plugins/livejournal/userinfo.gif"" />loeschdich</span>, the German version of <span class=""ljuser""><img style=""VERTICAL-ALIGN: bottom"" height=""17"" alt="""" width=""17"" src=""/stc/fck/editor/plugins/livejournal/userinfo.gif"" />deleterius</span> and <span class=""ljuser""><img style=""VERTICAL-ALIGN: bottom"" height=""17"" alt="""" width=""17"" src=""/stc/fck/editor/plugins/livejournal/userinfo.gif"" />babbling_de</span>, the German version of <span class=""ljuser""><img style=""VERTICAL-ALIGN: bottom"" height=""17"" alt="""" width=""17"" src=""/stc/fck/editor/plugins/livejournal/userinfo.gif"" />babb_chronicles</span>. I love all of them.&nbsp;<br />Have fun there;)<br /></div>
<p align=""center"">&nbsp;</p>"
"eventtime","2006-03-05 12:33:00"
"url","http://ju-jules.livejournal.com/2395.html"
"userid","7655"
"itemid","7"
"event","<P>Well, you know, I love to make lj-icons and I love to download brushes, textures and all that stuff. But then I keep forgetting to credit. And well, that's horrible! I mean, if you ever look at some icon I made and you see your brush, texture, whatever, you wouldn't be pleased if I didn't credit you! So, I guess, I have to credit now. And I'm sure I'll forget somebody. But I'll add more in upcoming posts. Well then,</P>
<P>&nbsp;</P>
<P><lj-cut text=""off to the crediting!"">&nbsp; Right, first, brushes: I have absolutely no idea who to credit here because I download brushes and then I forget who made them. So I'll just provide a link to<lj user=""100x100_brushes"" /> , there you can find like all the brush-makers^^... Oh, and I found one another: <lj user=""meleada"" />. and another user, most of my brushes were made by <lj user=""amethystia"" />. And another one I can remember, <lj user=""sanami276"" />.</P>
<P>Then textures...I think&nbsp;I took some&nbsp;made by&nbsp;<lj user=""colorfilter"" /> and <lj user=""gender"" />  and <lj user=""hermyonegranger"">. And I shouldn't forget <lj user=""teh_indy"">...And this community I found recently <lj user=""grrliz_icons"">, her textures are great. I'm sure I took textures by other users but that's either very long ago or I forgot who made them. So sorry! </P>
<P>If I remember anyone else, I'll credit. This is soooo horribly embarrassing.</P>
<P>Right, you know now that I make icons. You want some? It's so much fun making them, I think I'll post them. And please, don't scroll down to the bottommost posts. They are...strange.</P>
<P>jules </lj-cut></P>"
"eventtime","2006-02-05 10:44:00"
"current_moodid","92"
"url","http://ju-jules.livejournal.com/2046.html"
"userid","7655"
"itemid","5"
"event","<P>Omg, I haven't been on here for sooo long.</P>
<P>Terrible.</P>
<P>I'll change that though ;)</P>
<P>&nbsp;</P>
<P>bu-bye</P>
<P>&nbsp;</P>
<P>jules</P>"
"eventtime","2006-01-26 21:02:00"
"url","http://ju-jules.livejournal.com/1446.html"
"userid","7655"
