"names","values"
"itemid","50"
"event","0JIg0J/QuNGC0LXRgNC1INC90LXRgiDQu9C10YLQsC4g0K3RgtC+INC/0LvQvtGF0L4uDQrQndCw0Lwg0LLQtNCy0L7QtdC8INC60YDRg9GC0L4uINCt0YLQviDRhdC+0YDQvtGI0L4uDQrQntC/0Y/RgtGMINC60L7QvdGG0LXRgNGC0YssINC/0YDQvtCz0YPQu9C60LgsINCx0LXQu9GL0LUg0L3QvtGH0LgsINGPINGC0LDQuiDQttC1INC70Y7QsdC70Y4g0LXQs9C+LCDQutCw0Log0Lgg0LPQvtC0INC90LDQt9Cw0LQuDQrQnNGLINC80L7QttC10Lwg0YHRgdC+0YDQuNGC0YzRgdGPLCDQvdC+INGN0YLQviDQvdC1INC80LXQvdGP0LXRgiDRgtC+0LPQviwg0LrQsNC6INGB0LjQu9GM0L3QviDRjyDQu9GO0LHQu9GOINC10LPQvi4="
"eventtime","2015-06-24 13:20:00"
"url","http://no-wisdom.livejournal.com/12925.html"
"userid","11071"
"itemid","49"
"event","0JbQuNC30L3RjCDQuNC00ZHRgiwg0LjQtNGR0YIg0YHQstC+0LjQvCDRh9C10YDQtdC00L7QvC4g0KXQvtGH0LXRgtGB0Y8g0LzQvdC+0LPQvtC1INGD0YHQv9C10YLRjCwg0LzQvdC+0LPQvtC1INGB0LTQtdC70LDRgtGMLiDQpdC+0YfQtdGC0YHRjyDRhdC+0LTQuNGC0Ywg0LIg0LrQuNC90L4g0Lgg0YLQtdCw0YLRgNGLLCDRhdC+0YfQtdGC0YHRjyDQutCw0YLQsNGC0YzRgdGPINC90LAg0LrQvtC90YzQutCw0YUg0Lgg0LvRi9C20LDRhSwg0YXQvtGH0LXRgtGB0Y8g0YHQvNC+0YLRgNC10YLRjCDQstC80LXRgdGC0LUg0LrQuNC90L4g0Lgg0YHQtdGA0LjQsNC70YssINGF0L7Rh9C10YLRgdGPINC/0YDQvtGB0YLQviDQs9GD0LvRj9GC0YwsINC/0YDQvtGB0YLQviDQsdGL0YLRjCDRgNGP0LTQvtC8LCDQtNC10LvQsNGC0Ywg0LXRidC1INC80LjQu9C70LjQvtC90Ysg0LHRi9GC0L7QstGL0YUg0Lgg0LTRgNGD0LPQuNGFINC80LXQu9C+0YfQtdC5LiDQpdC+0YfQtdGC0YHRjy4uLg0K0JLRgdGRINC90LUg0YPRgdC/0LXRgtGMLiANCtCvINGH0LDRgdGC0LXQvdGM0LrQviDQt9Cw0L3QuNC80LDRjtGB0Ywg0YHQsNC80L7QutC+0L/QsNC90LjQtdC8ICjRgNC10YTQu9C10LrRgdC40Y8hKS4gDQrQmNC90L7Qs9C00LAg0LTRg9C80LDRjiwg0YfRgtC+INC30YDRjy4g0J3QsNC00L4g0L3QsNGB0LvQsNC20LTQsNGC0YzRgdGPINC80L7QvNC10L3RgtC+0LwsINC20LjRgtGMINC30LTQtdGB0Ywg0Lgg0YHQtdC50YfQsNGBLCDQsiDQvdCw0YHRgtC+0Y/RidC10LwuDQrQnNC90L7Qs9C+0LPQviDRhdC+0YfQtdGC0YHRjywg0LTRg9C80LDRjiDQviDQsdGD0LTRg9GJ0LXQvC4g0JLQuNC20YMg0L3QsNGBINCy0LzQtdGB0YLQtS4g0JTRg9C80LDRjiDQviDRgdC10LzRjNC1Lg0K0JvRjtCx0LvRjiDQtdCz0L4uDQrQlNGD0LzQsNGOINC+INGB0LXQsdC1LiDQpdC+0YfQtdGC0YHRjyDQv9C+LdC/0YDQtdC20L3QtdC80YMg0YHQsNC80L7RgNCw0LfQstC40LLQsNGC0YzRgdGPLg=="
"eventtime","2015-02-25 16:25:00"
"url","http://no-wisdom.livejournal.com/12756.html"
"userid","11071"
"itemid","48"
"event","0JzQvdC1INC60LDQttC10YLRgdGPLCDRh9GC0L4g0Y8g0YPQttC1INCy0L7QvtCx0YnQtSDQvdC1INC80L7Qs9GDINCx0LXQtyDQvdC10LPQvi4g0JrQsNC6INGPINGA0LDQvdGM0YjQtSDQttC40LvQsD8g0J7QvSDQvdGD0LbQtdC9INC80L3QtSDQv9C+0YHRgtC+0Y/QvdC90L4sIDcg0LTQvdC10Lkg0LIg0L3QtdC00LXQu9GOLCDQvdC1INC80LXQvdGM0YjQtS4g0JjQvdCw0YfQtSDRgdC60YPRh9Cw0Y4sINC40L3QsNGH0LUgLSDQutCw0Log0LHRg9C00YLQviDRgNCw0LfQu9GD0LrQsC4NCtCc0L3QtSDQvdC10L7QsdGL0YfQvdC+INGN0YLQviDRgdC+0YHRgtC+0Y/QvdC40LU6INC4INGA0LDQtNC+0YHRgtC90L4sINGH0YLQviDRgtCw0LrQvtC5INGH0LXQu9C+0LLQtdC6INC10YHRgtGMINGC0LXQv9C10YDRjCDQsiDQvNC+0LXQuSDQttC40LfQvdC4LCDQutC+0YLQvtGA0YvQuSDRgtCw0Log0L3Rg9C20LXQvSDQvNC90LUsINC4INGB0YLRgNCw0YjQvdC+INGB0LvQuNGI0LrQvtC8INGB0LjQu9GM0L3QviDQv9GA0LjQstGP0LfQsNGC0YzRgdGPINC6INC90LXQvNGDLiDQpdC+0YLRjyDQtdGB0YLRjCDQu9C4INCz0YDQsNC90LjRhtCwLCDQs9C00LUg0L3QsNGH0LjQvdCw0LXRgtGB0Y8gJnF1b3Q70YHQu9C40YjQutC+0LwmcXVvdDs/DQrQn9C+0LrQsCDRjyDQttC40LLRgyDQvtGCINCy0YHRgtGA0LXRh9C4INC6INCy0YHRgtGA0LXRh9C1LCDQsCDQvtGB0YLQsNC70YzQvdC+0LUgLSDQvNC40LzQvtGF0L7QtNC+0Lwu"
"eventtime","2014-08-25 15:02:00"
"url","http://no-wisdom.livejournal.com/12389.html"
"userid","11071"
"itemid","47"
"event","PHA+0J7QvSDRgtCw0LrQvtC5INC70Y7QsdC40LzRi9C5Lg0K0KLQsNC60L7QuSAmcXVvdDvQvNC+0LkmcXVvdDsg0YLQtdC/0LXRgNGMINGD0LbQtS4g0KLQsNC60L7QuSDRgNC+0LTQvdC+0Lkg0LzQvdC1INC4INCx0LvQuNC30LrQuNC5Lg0K0JzQvdC1INGB0YLQsNC70L4g0L/QvtC90Y/RgtC90L4g0YLQviwg0YfRgtC+INGA0LDQvdGM0YjQtSDQsdGL0LvQviDQvdC10LTQvtGB0YLRg9C/0L3Qvi4g0J/RgNC+0YHRgtC+0YLQsCDQuCDRj9GB0L3QvtGB0YLRjCDQvdCw0YHRgtC+0Y/RidC10Lkg0LvRjtCx0LLQuC48L3A+PHA+JnF1b3Q70JrQvtGA0L7Qu9C10LLQsCDQtNGA0LDQvNGLJnF1b3Q7PyDQnNC90LUg0LLRgdC10LPQtNCwINCx0YvQu9C4INCy0LjQtNC90Ysg0L3QtdC00L7RgdGC0LDRgtC60LgsINC+0L3QuCDQsdGL0LvQuCDQstGL0L/Rg9C60LvRi9C1INC4INC+0YfQtdCy0LjQtNC90YvQtS4g0K8g0L3QtSDQvNC+0LPQu9CwINC90LUg0L7QsdGA0LDRidCw0YLRjCDQvdCwINC90LjRhSDQstC90LjQvNCw0L3QuNC1LiDQntC00LjQvSDRgdC60YPRh9C10L0sINC00YDRg9Cz0L7QuSDQstGB0L/Ri9C70YzRh9C40LIg0Lgg0Y3Qs9C+0LjRgdGC0LjRh9C10L0sINGC0YDQtdGC0LjQuSDRgdGC0YDQsNC90L3Ri9C5LCDRh9C10YLQstC10YDRgtGL0Lkg0L/RgNC40LbQuNC80LjRgdGC0YvQuS4g0KMg0LrQsNC20LTQvtCz0L4g0YHQstC+0ZEuPC9wPjxwPtCS0YHRkSDQv9GD0YHRgtC+0LUsINCy0YHRkSDQvdC1INGC0L4uINCS0YHRkSA8aT7QsdGL0LvQvjwvaT4g0L3QtSDRgtC+LjwvcD48cD7QotC10L/QtdGA0Ywg0LXRgdGC0Ywg0L7QvS4g0JvRg9GH0YjQuNC5INC80YPQttGH0LjQvdCwINCyINC80L7QtdC5INC20LjQt9C90LgsINGB0LDQvNGL0Lkg0LvRjtCx0LjQvNGL0Lkg0LzRg9C20YfQuNC90LAuDQoNCtCvINC10LPQviDQstGB0YLRgNC10YLQuNC70LAuPC9wPg=="
"eventtime","2014-08-13 15:58:00"
"url","http://no-wisdom.livejournal.com/12197.html"
"userid","11071"
"itemid","46"
"event","PHA+0JLRh9C10YDQsCDRjyDQt9Cw0LTRg9C80LDQu9Cw0YHRjC4gPC9wPjxwPtCn0YLQviDQsdGL0LvQvj8g0JTQsCwg0L7RgtC90L7RiNC10L3QuNGPINGBINC90LjQvCwg0LTQsCwg0L7QvdC4INCy0L7RgNCy0LDQu9C40YHRjCDQsiDQvNC+0Y4g0LbQuNC30L3RjCwg0LTQsCwg0LzQtdC90Y8g0LfQsNC60YDRg9C20LjQuyDQstC40YXRgNGMINC40Lcg0LLQu9GO0LHQu9C10L3QvdC+0YHRgtC4INC4INCy0YHRgtGA0LXRhy4g0Jgg0L7RgdC+0LHQviDQvdC1INCx0YvQu9C+INCy0YDQtdC80LXQvdC4INC00LvRjyDQsNC90LDQu9C40LfQsCDQv9C10YDRgdC/0LXQutGC0LjQstGLLCDRgtC+0LPQviwg0YfRgtC+INC40LfQvNC10L3QuNC70L7RgdGMINCyINC80L7QtdC5INC20LjQt9C90Lgg0LfQsCDQv9C+0LvQs9C+0LTQsCDQsiDQs9C70L7QsdCw0LvRjNC90L7QvCDRgdC80YvRgdC70LUuDQoNCtCQINCy0L7RgiDQstGH0LXRgNCwINC30LDQtNGD0LzQsNC70LDRgdGMLiDQrdGC0L4g0LHRi9C70Lgg0L7Rh9C10L3RjCDQstCw0LbQvdGL0LUg0L/QvtC70LPQvtC00LAuINCYINC90LUg0YLQvtC70YzQutC+INC/0L7RgtC+0LzRgywg0YfRgtC+INGPINCx0YvQu9CwINC60YDQuNGB0YLQsNC70YzQvdC+INGB0YfQsNGB0YLQu9C40LLQsCwg0Lgg0L/RgNC+0YbQtdC90YIg0L/QvtC30LjRgtC40LLQvdGL0YUg0LzRi9GB0LvQtdC5LCDRjdC80L7RhtC40LksINC+0YnRg9GJ0LXQvdC40Lkg0L/RgNC10LLRi9GI0LDQuyDQstGB0LUg0L/RgNC10LTRi9C00YPRidC40LUg0LLRgNC10LzQtdC90LAsINCy0YHRkSwg0LHRi9Cy0YjQtdC1INGA0LDQvdC10LUuINCd0LXRgiwg0L3QtSDRgtC+0LvRjNC60L4g0L/QvtGN0YLQvtC80YMuIA0KDQrQktCw0LbQvdC+INC00YDRg9Cz0L7QtS4g0JjQvNC10L3QvdC+INCyINGN0YLQviDQstGA0LXQvNGPLCDQsiDRjdGC0L7QvCDQs9C+0LTRgywg0Lgg0LIg0Y3RgtC+0Lwg0LLQvtC30YDQsNGB0YLQtSDRjyDQvdCw0LrQvtC90LXRhi3RgtC+INGD0LfQvdCw0LvQsCwg0YfRgtC+INGC0LDQutC+0LUg0L3QsNGB0YLQvtGP0YnQsNGPINC70Y7QsdC+0LLRjCDQuiDQvNGD0LbRh9C40L3QtS4g0JHQtdC3INC/0YDQuNGD0LrRgNCw0YjQuNCy0LDQvdC40LksINCx0LXQtyDRgdCw0LzQvtC+0LHQvNCw0L3QsCwg0LHQtdC3INC40LPRgCDQsiDQvtGC0L3QvtGI0LXQvdC40Y8sINCy0L4g0LLQt9GA0L7RgdC70L7RgdGC0YwuINCS0YHRkSDQvtC60LDQt9Cw0LvQvtGB0Ywg0LPQvtGA0LDQt9C00L4g0L/RgNC+0YnQtSDQuCDQs9C+0YDQsNC30LTQviDRgdC40LvRjNC90LXQtS4g0JLRgdGRLCDRh9GC0L4g0LTQsNCy0L3QviDQvtC/0LjRgdCw0LvQuCDQsiDQu9C40YLQtdGA0LDRgtGD0YDQtSwg0L/RgNC+0LjQs9GA0LDQu9C4INCyINC60LjQvdC+0YTQuNC70YzQvNCw0YUsINC+INGH0LXQvCDRgdC/0LXQu9C4INCyINC/0LXRgdC90Y/RhSwg0LTQsCwg0LLRgdGRINGN0YLQviDQtNC10LnRgdGC0LLQuNGC0LXQu9GM0L3QviDRgtCw0LosINCy0YHRkSDQstC10YDQvdC+LiDQmCDRh9GC0L4g0L3QtSDQvNC+0LbQtdGI0Ywg0LHQtdC3INC90LXQs9C+INC90Lgg0LTQvdGPLCDQvdC4INGH0LDRgdCwLiDQmCDRh9GC0L4g0YLQvtGB0LrRg9C10YjRjC4g0Jgg0YfRgtC+INGH0LDRgdCw0LzQuCDQvNC+0LbQtdGI0Ywg0YHQvNC+0YLRgNC10YLRjCDQvdCwINC90LXQs9C+LiDQmCDRh9GC0L4g0YXQvtGH0LXRiNGMINC10LPQviDRhtC10LvQvtCy0LDRgtGMINCx0LXRgdC60L7QvdC10YfQvdC+LiDQp9GC0L4g0L/RgNC40LrQvtGB0L3QvtCy0LXQvdC40Y8gLSDRjdC60YHRgtCw0LcuINCn0YLQviDRhdC+0YfQtdGC0YHRjyDQvtGC0LTQsNGC0Ywg0LXQvNGDINC70YPRh9GI0LXQtS4g0KfRgtC+INC/0YDQuCDQvNCw0LvQtdC50YjQtdC8INC+0L/QsNGB0LXQvdC40Lgg0LfQsCDQtdCz0L4g0LfQtNC+0YDQvtCy0YzQtSDRgdGC0YDQsNGFINC90LDQutCw0YLRi9Cy0LDQtdGCINGD0LTRg9GI0LDRjtGJ0LXQuSDQstC+0LvQvdC+0LkuINCU0LAuINCS0YHRkSDRjdGC0L4g0LXRgdGC0YwuPC9wPjxwPtCvINC90LUg0LfQvdCw0Y4sINGH0YLQviDQsdGD0LTQtdGCINC00LDQu9GM0YjQtS4g0J3QviDRjyDQt9C90LDRjiwg0YfRgtC+INC90LjQutC+0LPQtNCwINC90LUg0LfQsNCx0YPQtNGDINGN0YLQviDQstGA0LXQvNGPIC0g0YLQviwg0YfRgtC+INC10YHRgtGMINGB0LXQudGH0LDRgS4g0Jgg0LXRgdC70Lgg0YHQu9GD0YfQuNGC0YHRjyDRgtCw0LrQvtC1LCDRh9GC0L4g0LvQtdGCINGH0LXRgNC10LcgMjAg0LzQvtGPINC00L7Rh9GMINGB0L/RgNC+0YHQuNGCINC80LXQvdGPLCDQu9GO0LHQuNC70LAg0LvQuCDRjyDQutC+0LPQtNCwLdC90LjQsdGD0LTRjCwg0YLQviDRjyDQsNCx0YHQvtC70Y7RgtC90L4g0LjRgdC60YDQtdC90L3QtSDRgdC80L7Qs9GDINC+0YLQstC10YLQuNGC0YwsINGH0YLQviDQtNCwLCDQsiAyMDE0INCz0L7QtNGDLCDQutC+0LPQtNCwINC80L3QtSDQsdGL0LvQviAyNiDQu9C10YIsINGPINC70Y7QsdC40LvQsC4g0JvRjtCx0LjQu9CwINGB0LDQvNC+0LPQviDQu9GD0YfRiNC10LPQviDQuCDRgdCw0LzQvtCz0L4g0LTQvtGB0YLQvtC50L3QvtCz0L4g0LzRg9C20YfQuNC90YMg0L3QsCDRgdCy0LXRgtC1LiDQmCDQvtC9INC70Y7QsdC40Lsg0LzQtdC90Y8uINCYINC80Ysg0LHRi9C70Lgg0YHRh9Cw0YHRgtC70LjQstGLLjwvcD48cD48L3A+"
"eventtime","2014-07-18 17:50:00"
"url","http://no-wisdom.livejournal.com/11827.html"
"userid","11071"
"itemid","45"
"event","PHA+0JLQvtC+0LHRidC1LdGC0L4sINGPINGC0Y/QttC10LvQviDQstGB0YLQsNGOINGD0YLRgNC+0LwuINCn0LDRgdGC0LXQvdGM0LrQviDQv9GA0LXQvdC10LHRgNC10LPQsNGOINC/0YDQtdC00L/QuNGB0LDQvdC40LXQvCDRgdC/0LDRgtGMIDctOCDRh9Cw0YHQvtCyICjQtNCwINGH0YLQviDRg9C2INGH0LDRgdGC0LXQvdGM0LrQviAtINCy0YHQtdCz0LTQsCEpINC4INC60LDQuiDQuNGC0L7QsyAtINGBINGD0YLRgNCwINC90LXQstC10YDQvtGP0YLQvdC+INGB0LvQvtC20L3QviDQv9C10YDQtdCx0L7RgNC+0YLRjCDRgdC10LHRjywg0LLRi9C60LvRjtGH0LjRgtGMINCx0YPQtNC40LvRjNC90LjQuiAo0LAg0L3QtSDQv9C10YDQtdGB0YLQsNCy0LjRgtGMINC10LPQviDQvdCwICs1INC80LjQvdGD0YIpINC4INC90LDRh9C40L3QsNGC0Ywg0L3QvtCy0YvQuSDQtNC10L3RjC4g0KPRgtGA0L7QvCDRjyDQvdC1INC70Y7QsdC70Y4g0YDQsNC30LPQvtCy0LDRgNC40LLQsNGC0Ywg0YEg0LTQvtC80LDRiNC90LjQvNC4LCDQvNGL0YHQu9C4INCyINCz0L7Qu9C+0LLQtSDRgtGD0LzQsNC90L3Ri9C1INC4INC70LXQvdC40LLRi9C1LiDQndCw0YHRgtGA0L7QtdC90LjQtSDQvdC1INGC0L4g0YfRgtC+0LHRiyDQv9C70L7RhdC+0LUsINC90L4g0LPQu9GD0YXQvtC1INC4INC30LDRgtC+0YDQvNC+0LbQtdC90L3QvtC1LiDQlNCwLCDRjdGC0L4g0LXRgdGC0YwuPC9wPjxwPtCd0L4sINCx0L7QttC1INC80L7QuSwg0LrQvtCz0LTQsCDRjyDQv9GA0L7RgdGL0L/QsNGO0YHRjCA8aT7RgSDQvdC40Lw8L2k+LCDQstGB0ZEg0L/Qvi3QtNGA0YPQs9C+0LzRgy4g0K8g0L7QsSDRjdGC0L7QvCDQvdC1INC30LDQtNGD0LzRi9Cy0LDRjtGB0Ywg0YHQv9C10YbQuNCw0LvRjNC90L4sINC90L4g0Y8g0L/RgNC+0YHRi9C/0LDRjtGB0YwsINCy0LjQttGDINC10LPQviwg0L/RgNC40LrQsNGB0LDRjtGB0Ywg0Log0L3QtdC80YMg0Lgg0YfRg9Cy0YHRgtCy0YPRjiDRgtCw0LrRg9GOINC+0YHRgtGA0YPRjiDQstC+0LvQvdGDINGB0YfQsNGB0YLRjNGPLiDQnNC90LUg0YXQvtGH0LXRgtGB0Y8g0YbQtdC70L7QstCw0YLRjCDQtdCz0L4uINCYINC90LXQstCw0LbQvdC+LCDRh9GC0L4g0YHQvtC9INC+0L/Rj9GC0Ywg0LLQvNC10YHRgtC40Lsg0LIg0YHQtdCx0Y8g0L3QtSDQsdC+0LvRjNGI0LUgNiDRh9Cw0YHQvtCyLiDQntC9INCz0L7QstC+0YDQuNGCLCDRh9GC0L4g0Y8g0YPQu9GL0LHQsNGO0YHRjC4NCtCh0L4g0LzQvdC+0Lkg0YLQsNC60L7Qs9C+INC90LUg0LHRi9C70L4g0L3QuNC60L7Qs9C00LAg0YDQsNC90YzRiNC1LCDQvdC40LrQvtCz0LTQsC4g0J3QuNC60YLQviDQvdC1INC/0YDQtdC+0LHRgNCw0LbQsNC7INC80L7RkSDRg9GC0YDQviDRgNCw0L3QtdC1LiDQndC4INC6INC60L7QvNGDINGPINC90LUg0YXQvtGC0LXQu9CwINC/0YDQuNC60LDRgdCw0YLRjNGB0Y8g0YLQsNC6INGH0LDRgdGC0L4sINGH0YLQvtCx0Ysg0L/RgNC+0YHRgtC+INC/0L7Rh9GD0LLRgdGC0LLQvtCy0LDRgtGMINGC0LXQv9C70L4uINCa0LDQuiDQstGB0ZEg0Y3RgtC+INC90L7QstC+LiDQmtCw0Log0L3QvtCy0L4g0LHRi9GC0Ywg0L/Qvi3QvdCw0YHRgtC+0Y/RidC10LzRgyDRgdGH0LDRgdGC0LvQuNCy0L7QuS4g0JzQvdC1INGC0LXQv9C10YDRjCDQutCw0LbQtdGC0YHRjywg0YfRgtC+INGN0YLQviDQu9GD0YfRiNC10LUsINGH0YLQviDQv9GA0L7QuNGB0YXQvtC00LjQu9C+INCyINC80L7QtdC5INC20LjQt9C90LgsINCx0LXQtyDQv9GA0LXRg9Cy0LXQu9C40YfQtdC90LjQuS4NCtCYINC60LDQuiDQttC1INGN0YLQviDQutGA0YPRgtC+ITwvcD4="
"eventtime","2014-07-16 13:34:00"
"url","http://no-wisdom.livejournal.com/11756.html"
"userid","11071"
"itemid","44"
"event","PHA+0JrQvtCz0LTQsCDRjyDQsdGL0LvQsCDQvNCw0LvQtdC90YzQutC+0Lkg0LTQtdCy0L7Rh9C60L7QuSwg0LjQvdC+0LPQtNCwINGPINC10LfQtNC40LvQsCDQsiDQv9C+0LXQt9C00LUg0LIg0KDRj9C30LDQvdGMINC4INC+0LHRgNCw0YLQvdC+INCyINCh0LDQvdC60YIt0J/QtdGC0LXRgNCx0YPRgNCzLiAxMCDRh9Cw0YHQvtCyINC00L7RgNC+0LPQuCwg0YDQsNC30L3Ri9C1INGB0L7RgdC10LTQuCDQv9C+INC/0LvQsNGG0LrQsNGA0YLQvdC+0LzRgyDQstCw0LPQvtC90YMuINCh0LvRg9GH0LDQu9C+0YHRjCwg0YfRgtC+INGA0Y/QtNC+0Lwg0LXRhdCw0LvQsCDQvNC+0LvQvtC00LDRjyDQv9Cw0YDQsCwg0L7QsdGL0YfQvdGL0LUg0L/QsNGA0LXQvdGMINC4INC00LXQstGD0YjQutCwLiDQryDQvdC1INC/0L7QvNC90Y4g0L3QuNC60L7Qs9C+INC60L7QvdC60YDQtdGC0L3Qviwg0L3QviDQvNC90LUg0LfQsNC/0L7QvNC90LjQu9C+0YHRjCDQvtCx0YnQtdC1INC+0YnRg9GJ0LXQvdC40LUgLSDQvtC90Lgg0LzQvtC70L7QtNGL0LUg0Lgg0YHRh9Cw0YHRgtC70LjQstGL0LUsINC+0L0g0YbQtdC70YPQtdGCINC10LUsINC30LDQsdC+0YLQuNGC0YHRjyDQviDQvdC10Lkg0LIg0LzQtdC70L7Rh9Cw0YUsINC+0L3QsCDQvdC10LbQvdCw0Y8g0Lgg0YHQv9C+0LrQvtC50L3QsNGPLCDQutCw0LrQvtC5INCx0YvQstCw0LXRgiDRgtC+0LvRjNC60L4g0LbQtdC90YnQuNC90LAsINGC0L7Rh9C90L4g0LfQvdCw0Y7RidCw0Y8sINGH0YLQviDQvtC90LAg0LvRjtCx0LjRgiDQuCDQu9GO0LHQuNC80LAsINC+0L3QuCDQttGD0Y7RgiDQsdGD0YLQtdGA0LHRgNC+0LTRiywg0LjQs9GA0LDRjtGCINCyINC60LDRgNGC0YssINGD0LvRi9Cx0LDRjtGC0YHRjyDQtNGA0YPQsyDQtNGA0YPQs9GDLiDQryDRgdC80L7RgtGA0LXQu9CwINC90LAg0YLQsNC60LjQtSDQv9Cw0YDRiyDQuCDQvNC90LUg0LrQsNC30LDQu9C+0YHRjCwg0YfRgtC+INC60L7Qs9C00LAt0YLQviDRgtCw0LrQvtC1INCx0YPQtNC10YIg0Lgg0YHQviDQvNC90L7QuSwg0YHRgtC+0LjRgiDRgtC+0LvRjNC60L4g0L3QtdC80L3QvtCz0L4g0LLRi9GA0LDRgdGC0LguINCvINGA0L7RgdC70LAsINC80L3QtSDQuNGB0L/QvtC70L3Rj9C70L7RgdGMIDE5LCAyMCwgMjEg0LggMjIuINCf0L7Rj9Cy0LvRj9C70LjRgdGMINC/0L7QutC70L7QvdC90LjQutC4LCDQvNC+0LvQvtC00YvQtSDQu9GO0LTQuCwg0L3QviDQvdC40YfQtdCz0L4g0L/QvtC00L7QsdC90L7Qs9C+INC90LUg0LHRi9C70L4g0Lgg0LIg0L/QvtC80LjQvdC1Li4uINCQINC/0L7RgtC+0Lwg0LLQtNGA0YPQsyDRjyDQstGB0YLRgNC10YLQuNC70LAg0LXQs9C+LiDQmCDQstGB0ZEg0YHRgtCw0LvQviDRgtCw0LosINC60LDQuiDQtNC+0LvQttC90L4g0LHRi9GC0YwsINGC0LDQuiwg0LrQsNC6INGPINCy0LjQtNC10LvQsCDQuCDQvdCw0LHQu9GO0LTQsNC70LAg0LIg0LTQtdGC0YHRgtCy0LUuINCc0L3QtSDQutCw0LbQtdGC0YHRjywg0LHRg9C00YPRh9C4INC80LDQu9C10L3RjNC60L7QuSDQtNC10LLQvtGH0LrQvtC5LCDRjyDQsdGLINC70Y7QsdC+0LLQsNC70LDRgdGMINC90LDRiNC10Lkg0L/QsNGA0L7QuS4g0JzQvdC1INC60LDQttC10YLRgdGPLCDRjyDQt9Cw0LLQuNC00YPRjiDRgdCw0LzQsCDRgdC10LHQtS48L3A+PHA+0JrQsNC20LXRgtGB0Y8sINGH0YLQviDQvdC10LLQvtC30LzQvtC20L3QviDQsdGL0YLRjCDQsdC+0LvQtdC1INGB0YfQsNGB0YLQu9C40LLQvtC5LCDRh9C10Lwg0Y8g0LXRgdGC0YwuPC9wPjxwPtCa0LDQttC10YLRgdGPLCDRh9GC0L4g0Y8g0LbQuNCy0YMg0LrQsNC60L7QuS3RgtC+INGB0L7QstC10YDRiNC10L3QvdC+INC00YDRg9Cz0L7QuSDQttC40LfQvdGM0Y4sINGH0LXQvCDRgNCw0L3RjNGI0LUuINCW0LjQt9C90YzRjiwg0LIg0LrQvtGC0L7RgNC+0Lkg0LLRgdGRINC+0YLRgdGC0YPQv9C40LvQviDQvdCwINCy0YLQvtGA0L7QuSDQv9C70LDQvSDQv9C10YDQtdC0INC80LjRgNC+0LwsINCyINC60L7RgtC+0YDQvtC8INC10YHRgtGMINC+0L0uPC9wPjxwPtCc0L3QtSDRh9Cw0YHRgtC+INC20LXQu9Cw0LvQuCDQvdCwINC00LXQvdGMINGA0L7QttC00LXQvdC40Y8g0LzRg9C20YfQuNC90YMsINC60L7RgtC+0YDRi9C5INCx0YPQtNC10YIg0LzQtdC90Y8g0LTQvtGB0YLQvtC40L0uINCa0LDQttC10YLRgdGPLCDQstGB0LUg0L/QvtC20LXQu9Cw0L3QuNGPINGB0L7QtdC00LjQvdC40LvQvtGB0Ywg0LIg0L3QtdGH0YLQviDQsdC+0LvRjNGI0LXQtS4g0JIg0YHQsNC80L7Qs9C+INC70YPRh9GI0LXQs9C+INC80YPQttGH0LjQvdGDINC90LAg0YHQstC10YLQtS48L3A+"
"eventtime","2014-06-30 01:10:00"
"url","http://no-wisdom.livejournal.com/11269.html"
"userid","11071"
"itemid","43"
"event","0KHQtdCz0L7QtNC90Y8g0LIg0LPQvtC70L7QstC1INCm0LLQtdGC0LDQtdCy0LA6DQoNCjxzcGFuIHN0eWxlPSJmb250LXNpemU6MC45ZW07Ij48aT48c3BhbiBzdHlsZT0iY29sb3I6IzAwMDAwMDsiPjxzcGFuIHN0eWxlPSJmb250LWZhbWlseTogQXJpYWw7IGxpbmUtaGVpZ2h0OiBub3JtYWw7IGJhY2tncm91bmQtY29sb3I6IHJnYigyNDAsIDIzNCwgMjMwKTsiPiZxdW90O9Ce0YLQutGD0LTQsCDRgtCw0LrQsNGPINC90LXQttC90L7RgdGC0Yw/PC9zcGFuPg0KPHNwYW4gc3R5bGU9ImZvbnQtZmFtaWx5OiBBcmlhbDsgbGluZS1oZWlnaHQ6IG5vcm1hbDsgYmFja2dyb3VuZC1jb2xvcjogcmdiKDI0MCwgMjM0LCAyMzApOyI+0J3QtSDQv9C10YDQstGL0LUgJm1kYXNoOyDRjdGC0Lgg0LrRg9C00YDQuDwvc3Bhbj4NCjxzcGFuIHN0eWxlPSJmb250LWZhbWlseTogQXJpYWw7IGxpbmUtaGVpZ2h0OiBub3JtYWw7IGJhY2tncm91bmQtY29sb3I6IHJnYigyNDAsIDIzNCwgMjMwKTsiPtCg0LDQt9Cz0LvQsNC20LjQstCw0Y4sINC4INCz0YPQsdGLPC9zcGFuPg0KPHNwYW4gc3R5bGU9ImZvbnQtZmFtaWx5OiBBcmlhbDsgbGluZS1oZWlnaHQ6IG5vcm1hbDsgYmFja2dyb3VuZC1jb2xvcjogcmdiKDI0MCwgMjM0LCAyMzApOyI+0JfQvdCw0LLQsNC70LAg0YLQtdC80L3QtdC5INGC0LLQvtC40YUuLi4mcXVvdDs8L3NwYW4+PC9zcGFuPjwvaT48L3NwYW4+DQoNCjxmb250IGNvbG9yPSIjMDAwMDAwIj7QndC10LbQvdC+0YHRgtGMIC0g0LrQu9GO0YfQtdCy0L7QtSDRgdC70L7QstC+INGB0LXQudGH0LDRgS4g0J3QtdC20L3QvtGB0YLRjC4g0JHQu9C40LfQvtGB0YLRjC4g0Jgg0L7Qv9GP0YLRjCDQvdC10LbQvdC+0YHRgtGMLiDQotC+LCDRh9GC0L4g0Y8g0YfRg9Cy0YHRgtCy0YPRjiDQuiDQvdC10LzRgy4NCtCd0Lgg0Log0LrQvtC80YMg0YDQsNC90LXQtSDRjyDQvdC1INC40YHQv9GL0YLRi9Cy0LDQu9CwINGC0LDQutC+0Lkg0L3QtdC20L3QvtGB0YLQuC4g0JLQvtGCINGC0LDQuiDRgdC70YPRh9C40LvQvtGB0YwuINCS0L7RgiDRgtCw0Log0LIgMjYg0LvQtdGCINC80L7QttC90L4g0L7RgtC60YDRi9Cy0LDRgtGMINCyINGB0LXQsdC1INC90L7QstGL0LUg0LPRgNCw0L3QuCDQstC+0LfQvNC+0LbQvdGL0YUg0Y3QvNC+0YbQuNC5LjwvZm9udD4="
"eventtime","2014-05-13 12:46:00"
"url","http://no-wisdom.livejournal.com/11195.html"
"userid","11071"
"itemid","42"
"event","0JzQsNC50YHQutC40LUg0LLQvNC10YHRgtC1LiDQnNC90LUg0LLRgdC10LPQtNCwINCx0YvQu9C+INCy0LDQttC90L4g0LHRi9Cy0LDRgtGMINC+0LTQvdC+0LksINC+0YLQtNGL0YXQsNGC0Ywg0L7RgiDQstGB0LXRhS4g0J3QviDRgSA8aT7QvdC40Lw8L2k+INGPINC/0YDQvtCy0L7QttGDIDMwLDEsMiwzINC4Li4uINC30LDQsdGL0LLQsNGOLCDRh9GC0L4g0LTQvtC70LbQvdCwINGF0L7RgtC10YLRjCDQvtGC0LTRi9GF0LAg0L7RgiDQu9GO0LTQtdC5LiDQntC9INGD0LXQt9C20LDQtdGCLCDRjyDQvtGC0LTRi9GF0LDRjiAtINC4INGD0LbQtSDRgdC60YPRh9Cw0Y4uINCYINC00YPQvNCw0Y4g0L4g0L3RkdC8INC/0L7RgdGC0L7Rj9C90L3Qviwg0L3QtdCy0L7Qu9GM0L3Qvi4NCtCn0LXRgtGL0YDQtSDQvNC10YHRj9GG0LAg0LLQvNC10YHRgtC1LiDQkNC/0YDQtdC70Ywg0L/RgNC40L3QtdGBINC/0L7RgtGA0Y/RgdCw0Y7RidC40LUg0LTQu9C40L3QvdGL0LUg0L/RgNC+0LPRg9C70LrQuCDQsiDRgtC1INC70LXRgtC90LjQtSDQstC10YfQtdGA0LAsINC60L7Qs9C00LAg0LHRi9C70L4g0YLQtdC/0LvQviwg0YHQstC10YLQu9C+IC0g0Lgg0L7Rh9C10LLQuNC00L3Qviwg0YfRgtC+INCy0LXRgdC90LAg0L/RgNC40YjQu9CwLiDQkNC/0YDQtdC70Ywg0YHQvtGF0YDQsNC90LjQuyDQv9C+0YLRgNGP0YHQsNGO0YnQuNC1INC90LXQttC90YvQtSDQv9C+0YbQtdC70YPQuCwg0LLQtdGH0LXRgNC90Y7RjiDQv9C10YDQtdC/0LjRgdC60YMg0LTQviDQtNCy0YPRhSDQvdC+0YfQuCwg0YLQsNC60YPRjiDRg9C20LUg0LTQsNCy0L3QviDQvdC10L7QsdGF0L7QtNC40LzRg9GOLCDQvtCx0Y/Qt9Cw0YLQtdC70YzQvdGL0Lkg0LXQttC10LTQvdC10LLQvdGL0Lkg0YDQuNGC0YPQsNC7LiDQkiDQsNC/0YDQtdC70LUg0LHRi9C70Lgg0L3QvtGH0LgsINC/0YDQvtCy0LXQtNC10L3QvdGL0LUg0LLQvNC10YHRgtC1LCDQuCDRgdC+0LLQvNC10YHRgtC90L7QtSDQv9GA0L7QsdGD0LbQtNC10L3QuNC1INC/0L4g0YPRgtGA0LDQvC4NCtCSINCw0L/RgNC10LvQtSDRjyDQu9GO0LHQu9GOLg=="
"eventtime","2014-05-04 14:09:00"
"url","http://no-wisdom.livejournal.com/10854.html"
"userid","11071"
"itemid","41"
"event","0J3QtSDQvdCw0LTQvtC10LTQsNC10YIg0LvQuCDQvNC90LUg0L/QuNGB0LDRgtGMINC+INC90ZHQvD8g0J4sINC90LXQtdC10YIsINC60LDQuiDQsiDQtNC10YLRgdGC0LLQtSwg0LIg0L/QtdGA0LjQvtC0INC70Y7QsdCy0Lgg0Log0JzQsNC70LTQtdGA0YMg0Lgg0KHQutCw0LvQu9C4LiDQryDQv9C40YHQsNC70LAgLSDQuCDQstGL0YDQsNC20LDQu9CwINGB0LLQvtGOINC70Y7QsdC+0LLRjCwg0LjQt9C70LjQstCw0LvQsCDQtdGRLCDQv9GA0LXQstGA0LDRidCw0LvQsCDQsiDQvdC10YfRgtC+INC30YDQuNC80L7QtSwg0YHRg9GJ0LXRgdGC0LLRg9GO0YnQtdC1Lg0K0JHRi9GC0Ywg0YDRj9C00L7QvCwg0LfQsNC/0LDRhSwg0L/RgNC40LrQvtGB0L3QvtCy0LXQvdC40LUsINC10LPQviDRgNGD0LrQsCwg0LXQs9C+INC/0L7RhtC10LvRg9C4LCDQvtC9LiDQktC+0YIg0LLRgdGRLCDRh9GC0L4g0YHQvtGB0YLQsNCy0LvRj9C10YIg0YHQtdC50YfQsNGBINGB0YPRidC90L7RgdGC0Ywg0LzQvtC40YUg0LTQvdC10Lkg0Lgg0LzQvtC40YUg0LLRi9GF0L7QtNC90YvRhS4g0J3QtSDQt9C90LDRjiwg0L/QvtCz0LvRg9C/0LXQu9CwINGPINC40LvQuCDQvdCw0L7QsdC+0YDQvtGCLiDQlNGD0LzQsNGOINC80L3QvtCz0L4g0LjQu9C4INC80LDQu9C+LiDQmNC70Lgg0LLQvtC+0LHRidC1INC90LUg0LTRg9C80LDRji4g0J4g0LHRg9C00YPRidC10LwgLSDRgtC+0YfQvdC+INC90LXRgi4g0J3QtSDQtNCw0LvRjNGI0LUg0LHQu9C40LbQsNC50YjQuNGFINCy0YvRhdC+0LTQvdGL0YUuINCeINC90ZHQvCAtINC/0L7RgdGC0L7Rj9C90L3Qvjog0YPRgtGA0L7QvCwg0LLQtdGH0LXRgNC+0LwsINC/0L4g0LTQvtGA0L7Qs9C1INC90LAg0YDQsNCx0L7RgtGDINC4INGBINGA0LDQsdC+0YLRiywg0LIg0LzQtdGC0YDQviDQvdCwINC60YDQsNGB0L3QvtC5INCy0LXRgtC60LUg0Lgg0L3QsCDRgdC40L3QtdC5LCDQuCDQtNCw0LbQtSDQvdCwINC30LXQu9C10L3QvtC5LCDQutC+0LPQtNCwINC40LTRgyDQv9C10YjQutC+0Lwg0L7RgiDQktCw0YHQuNC70LXQvtGB0YLRgNC+0LLRgdC60L7QuSDQuCDQutC+0LPQtNCwINGB0LjQttGDINCyINC+0YTQuNGB0LUuDQrQmtCw0LbQtdGC0YHRjywg0LzRiyDRgdGC0LDQu9C4INCx0L7Qu9GM0YjQtSDRiNGD0YLQuNGC0YwsINCy0YHRkSDRgdGC0LDQu9C+INC/0YDQvtGJ0LUg0Lgg0LHQu9C40LbQtS4g0J3QtdC70L7QstC60L7RgdGC0Lgg0L/QvtGH0YLQuCDQvdC1INCx0YvQstCw0LXRgi4g0JXRgdGC0Ywg0YLQvtC70YzQutC+INGB0YfQsNGB0YLRjNC1Lg0K0JXRgdGC0Ywg0YLQvtC70YzQutC+INC+0L0g0LTQu9GPINC80LXQvdGPLg=="
"eventtime","2014-04-11 17:24:00"
"url","http://no-wisdom.livejournal.com/10715.html"
"userid","11071"
"itemid","40"
"event","PHA+0JrQvtCz0LTQsCDRjyDQstGB0L/QvtC80LjQvdCw0Y4g0L4g0L3QtdC8INCy0L3QtdC30LDQv9C90L4sINGB0LXRgNC00YbQtSDRgdC20LjQvNCw0LXRgtGB0Y8sINC4INC80L3QtSDRgdGA0LDQt9GDINGB0YLQsNC90L7QstC40YLRgdGPINGC0LXQv9C70L4uDQrQn9GL0YLQsNC70LDRgdGMINCy0YfQtdGA0LAg0YHQutCw0LfQsNGC0Ywg0LXQvNGDLCDQutCw0Log0LzQvdC+0LPQviDQvtC9INC30L3QsNGH0LjRgiDQsiDQvNC+0LXQuSDQttC40LfQvdC4INC4INC60LDQuiDRgdGH0LDRgdGC0LvQuNCy0LAg0Y8g0YEg0L3QuNC8LiDQnNC90LUg0LrQsNC20LXRgtGB0Y8sINC+0L0g0LHRi9C7INGA0LDRgdGC0YDQvtCz0LDQvS4NCtCU0YPQvNCw0LvQsCDQtdGJ0LUg0L7QsSDQvtC00L3QvtC8LiDQlNCwLCDRjdGC0L4g0YXQuNC80LjRjywg0LTQsCwg0LLQu9GO0LHQu9C10L3QvdC+0YHRgtGMINC90LDQutGA0YvQu9CwINC80LXQvdGPINCy0L7Qu9C90L7QuSDQuCDQvtCz0LvRg9GI0LjQu9CwLCDQvdC+INC90LUg0YLQvtC70YzQutC+INGN0YLQvi4g0JTQsCwg0L7QvSDQvdGA0LDQstC40YLRgdGPINC80L3QtSDQstC90LXRiNC90LUsINC90L4g0L3QtSDRgtC+0LvRjNC60L4g0Y3RgtC+LiDQn9C+0LzQuNC80L4g0LLRgdC10LPQviwg0LHQtdC30L7RgtC90L7RgdC40YLQtdC70YzQvdC+INC80L7QtdC5INGC0Y/Qs9C4INC6INC90LXQvNGDINC90LAg0YPRgNC+0LLQvdC1INC40L3RgdGC0LjQvdC60YLQvtCyLCDQv9C+0LzQuNC80L4g0LLRgdC10LPQvi3QstGB0LXQs9C+LCDRjyDQs9C70YPQsdC+0LrQviDRg9Cy0LDQttCw0Y4g0LXQs9C+INC60LDQuiDQu9C40YfQvdC+0YHRgtGMLiDQmCwg0LLQvtC30LzQvtC20L3Qviwg0LIg0Y3RgtC+0Lwg0L/QtdGA0LLQvtC/0YDQuNGH0LjQvdCwLiDQntC9INC80LvQsNC00YjQtSDQv9C+INCy0L7Qt9GA0LDRgdGC0YMg0LLRgdC10YUg0LzQvtC40YUg0LHRi9Cy0YjQuNGFINC80YPQttGH0LjQvSwg0L3QviDQs9C+0YDQsNC30LTQviDQvdGA0LDQstGB0YLQstC10L3QvdC+INGH0LjRidC1INC4INC80YPQtNGA0LXQtSDQvdC40YUuINCc0L3QtSDQsdC10LfRg9C80L3QviDQuNC80L/QvtC90LjRgNGD0LXRgiDQsiDQvdC10Lwg0LLRgdGRIC0g0YPQvNC10L3QuNC1INCx0YvRgtGMINGC0LDQutGC0LjRh9C90YvQvCwg0YPQvNC10L3QuNC1INC/0YDQvtC80L7Qu9GH0LDRgtGMLCDQutC+0LPQtNCwINGPINC90LXRgdGDINC+0YLQutGA0L7QstC10L3QvdGD0Y4g0YfRg9GI0YwgKNC/0YDQviDRgdCy0L7QuNGFINC/0L7QtNGA0YPQsywg0LjRhSDQvtGC0L3QvtGI0LXQvdC40Y8g0YEg0LzRg9C20LjQutCw0LzQuCksINC60L7Qs9C00LAg0YMg0LzQtdC90Y8g0L/RgNC+0YHQutCw0LvRjNC30YvQstCw0Y7RgiDQstC+0YHQv9C+0LzQuNC90LDQvdC40Y8g0L4g0LHRi9Cy0YjQuNGFINC4INGCLtC/Liwg0YPQvNC10L3QuNC1INC30LDQtNCw0YLRjCDQstC+0L/RgNC+0YEg0L/RgNC10LTQtdC70YzQvdC+INC60L7RgNGA0LXQutGC0L3QviDQuCDQvNC90L7Qs9C+0LUt0LzQvdC+0LPQvtC1INC00YDRg9Cz0L7QtS4g0JzQvdC1INC90YDQsNCy0LjRgtGB0Y8sINC60L7Qs9C00LAg0L7QvSDQv9GA0L7RgdGC0L4g0YLQsNC6INC/0YDQvtCy0L7QttCw0LXRgiDQvNC10L3RjyDQtNC+INC/0LXRgNC10YHQsNC00L7Rh9C90L7QuSDRgdGC0LDQvdGG0LjQuCDQvNC10YLRgNC+LCDQvdC1INGB0L/RgNCw0YjQuNCy0LDRjywg0L3Rg9C20L3QviAtINC90LUg0L3Rg9C20L3Qvi4g0J/RgNC+0YHRgtC+INC/0YDQvtCy0L7QttCw0LXRgi4g0JfQsNCx0L7RgtCwINCyINC80LXQu9C60LjRhSDQstC+0L/RgNC+0YHQsNGFL9C00LXRgtCw0LvRj9GFLiDQktC30LPQu9GP0LQg0L3QsCDRgNCw0LfQvdGL0LUg0LLQtdGJ0LguPC9wPjxwPtCe0L0g0LPQvtCy0L7RgNC40YIsINGH0YLQviDQtNC+INCy0YHRgtGA0LXRh9C4INGB0L4g0LzQvdC+0Lkg0LXQs9C+INC80L3QvtCz0L7QtSDQvdC1INGD0YHRgtGA0LDQuNCy0LDQu9C+INCyINC10LPQviDQttC40LfQvdC4LCDQsCDRgtC10L/QtdGA0Ywg0LLRgdGRINC40LfQvNC10L3QuNC70L7RgdGMLiDQpdC+0YLQtdC70L7RgdGMINCx0YssINGH0YLQvtCx0Ysg0Y3RgtC+INCx0YvQu9C+INGC0LDQui4g0J7QvSDQs9C+0LLQvtGA0LjRgiwg0YfRgtC+INC00YDRg9Cz0LjQtSDQvdC1INCy0LjQtNC10LvQuCDQsiDQvdC10Lwg0LXQs9C+INC60LDQutC40YUt0YLQviDQstCw0LbQvdGL0YUg0LLQvdGD0YLRgNC10L3QvdC40YUg0LrQsNGH0LXRgdGC0LIuINCX0L3QsNGH0LjRgiwg0LLRgdC1INC+0L3QuCDQsdGL0LvQuCDQs9C70YPQv9GLLCDQvtGH0LXQvdGMINCz0LvRg9C/0YsuIA0K0JAg0L7QvSDQt9Cw0LzQtdGH0LDRgtC10LvRjNC90YvQuS48L3A+"
"eventtime","2014-04-02 15:21:00"
"url","http://no-wisdom.livejournal.com/10360.html"
"userid","11071"
"itemid","39"
"event","0K8g0LLQu9GO0LHQuNC70LDRgdGMINCyINC90LXQs9C+INCyINGP0L3QstCw0YDQtSDQuC4uLg0K0JIg0Y/QvdCy0LDRgNC1INGPINC20LjQu9CwLCDRgdC70L7QstC90L4g0L7Qs9C70YPRiNC10L3QvdCw0Y8uINCvINC90LUg0L/QvtC90LjQvNCw0LvQsCwg0YfRgtC+INGPINC10LwsINC90LUg0LzQvtCz0LvQsCDQvdC+0YDQvNCw0LvRjNC90L4g0YHQv9Cw0YLRjC4g0K8g0LrQsNC6INCx0YPQtNGC0L4g0LHRi9C70LAg0L3QtSDQs9C+0YLQvtCy0LAg0Log0YLQsNC60L7QvNGDINCy0L3QtdC30LDQv9C90L7QvNGDINC/0L7QstC+0YDQvtGC0YMuINCS0YHRkSDQvNC90LUg0LHRi9C70L4g0LIg0L3QvtCy0LjQvdC60YMuINCvINC20LTQsNC70LAsINGH0YLQviDQsdGD0LTQtdGCINC00LDQu9GM0YjQtS4NCtCh0LrQvtGA0L4g0LHRg9C00LXRgiDRgtGA0Lgg0LzQtdGB0Y/RhtCwINGBINGC0L7Qs9C+INC80L7QvNC10L3RgtCwLiDQmC4uLiDRjyDQu9GO0LHQu9GOINC10LPQviDQstGB0ZEg0YHQuNC70YzQvdC10LUuINCt0YLQviDRgdGC0YDQsNC90L3Qviwg0L3QviDRjdGC0L4g0YLQsNC6LiDQntC90L4g0YLRgNCw0L3RgdGE0L7RgNC80LjRgNGD0LXRgtGB0Y8sINGN0YLQviDRh9GD0LLRgdGC0LLQvi4g0JIg0L3QtdC8INCx0YvQu9C4INGD0LLQu9C10YfQtdC90L3QvtGB0YLRjCwg0LjQvdGC0LXRgNC10YEsINGA0LDQtNC+0YHRgtGMINC+0YIg0LLQvdC10LfQsNC/0L3QvtGB0YLQuCDQtdCz0L4g0L/QvtGP0LLQu9C10L3QuNGPLCDRgdC10LnRh9Cw0YEgLSDQstGB0ZEg0LHQvtC70YzRiNC1INGC0LXQv9C70LAg0Lgg0L3QtdC20L3QvtGB0YLQuCwg0LHQu9C40LfQvtGB0YLQuCDQuCDQvdC10L7QsdGF0L7QtNC40LzQvtGB0YLQuCDQstC40LTQtdGC0YwgPGk+0LXQs9C+PC9pPiDQutCw0Log0LzQvtC20L3QviDRh9Cw0YnQtS4g0K8g0LLRgdGC0YDQtdGH0LDRjtGB0Ywg0YEg0L3QuNC8INC4INGC0YPRgiDQttC1INCz0YDRg9GJ0YMsINGH0YLQviDRgdC60L7RgNC+INC/0YDQuNC00LXRgtGB0Y8g0YDQsNGB0YHRgtCw0YLRjNGB0Y8uINCc0Ysg0YHRgtC+0LjQvCDRgyDQv9C+0LTRitC10LfQtNCwINC4INC90LUg0LzQvtC20LXQvCDQv9GA0LXQutGA0LDRgtC40YLRjCDRhtC10LvQvtCy0LDRgtGM0YHRjy4g0J3QtSDQvNC+0LbQtdC8LiDQotCw0Log0YXQvtGA0L7RiNC+INCx0YvRgtGMINGA0Y/QtNC+0LwgJm5ic3A70YEg0L3QuNC8LiDQmCDQvdC40YfQtdCz0L4g0LHQvtC70YzRiNC1INC90LUg0L3QsNC00L4uINCa0LDQuiDQsdGD0LTRgtC+INC80L3QtSDRgdC90L7QstCwIDIwLiDQndC+INC/0LDRgNCw0LTQvtC60YEg0LIg0YLQvtC8LCDRh9GC0L4g0LIgMjAg0L3QuNGH0LXQs9C+INC/0L7QtNC+0LHQvdC+0LPQviDRjyDQvdC1INC40YHQv9GL0YLRi9Cy0LDQu9CwLCDRhdC+0YLRjyDQv9C+0LrQu9C+0L3QvdC40LrQvtCyINCx0YvQu9C+INC/0YDQtdC00L7RgdGC0LDRgtC+0YfQvdC+LiDQn9Cw0YDQsNC00L7QutGBLi4uINCV0YHQu9C4INCx0Ysg0LIgMjAg0LvQtdGCINC80L3QtSDQutGC0L4t0YLQviDRgdC60LDQt9Cw0LssINGH0YLQviDQv9C10YDQstCw0Y8g0YHQuNC70YzQvdCw0Y8g0Lgg0LPQu9GD0LHQvtC60LDRjyDQu9GO0LHQvtCy0Ywg0YHQu9GD0YfQuNGC0YHRjyDRgyDQvNC10L3RjyDQsiAyNiDQu9C10YIsINGPINCx0Ysg0L3QsNCy0LXRgNC90L4g0YDQsNGB0YHRgtGA0L7QuNC70LDRgdGMLiANCtCd0L4g0YHQtdC50YfQsNGBLi4uINCSINC00L3QuCDQvdCw0YjQuNGFINCy0YHRgtGA0LXRhyDRjyDQstGL0YXQvtC20YMg0YEg0YDQsNCx0L7RgtGLLCDQutCw0Log0L3QsCDQutGA0YvQu9GM0Y/RhS4g0JTRg9C80LDRjiDQviDQvdC10LwgLSDQuCDQstC90YPRgtGA0Lgg0YDQsNGB0YXQvtC00Y/RgtGB0Y8g0LrRgNGD0LPQuCDRgtC10L/Qu9CwLiDQn9GA0L7RgdGC0L4g0LTRg9C80LDRji4gJnF1b3Q7PHNwYW4gc3R5bGU9ImJhY2tncm91bmQtY29sb3I6IHJnYigyNTUsIDI1NSwgMjU1KTsgY29sb3I6IHJnYig1MSwgNTEsIDUxKTsgZm9udC1mYW1pbHk6IFRhaG9tYSwgQXJpYWwsIEhlbHZldGljYSwgc2Fucy1zZXJpZjsgZm9udC1zaXplOiAxMnB4OyBsaW5lLWhlaWdodDogbm9ybWFsOyB3aGl0ZS1zcGFjZTogcHJlLXdyYXA7Ij7Qn9GA0L7RgdGC0L4g0YXQvtGH0YMsINC/0YDQvtGB0YLQviDRhdC+0YfRgyDQsdGL0YLRjCDRgNGP0LTQvtC8INGBINGC0L7QsdC+0LksIDwvc3Bhbj48c3BhbiBzdHlsZT0iYmFja2dyb3VuZC1jb2xvcjogcmdiKDI1NSwgMjU1LCAyNTUpOyBjb2xvcjogcmdiKDUxLCA1MSwgNTEpOyBmb250LWZhbWlseTogVGFob21hLCBBcmlhbCwgSGVsdmV0aWNhLCBzYW5zLXNlcmlmOyBmb250LXNpemU6IDEycHg7IGxpbmUtaGVpZ2h0OiBub3JtYWw7IHdoaXRlLXNwYWNlOiBwcmUtd3JhcDsiPtCf0YDQvtGB0YLQviDQu9GO0LHQu9GOLCDQv9GA0L7RgdGC0L4g0YLQtdCx0Y88L3NwYW4+PHNwYW4gc3R5bGU9ImJhY2tncm91bmQtY29sb3I6IHJnYigyNTUsIDI1NSwgMjU1KTsgY29sb3I6IHJnYig1MSwgNTEsIDUxKTsgZm9udC1mYW1pbHk6IFRhaG9tYSwgQXJpYWwsIEhlbHZldGljYSwgc2Fucy1zZXJpZjsgZm9udC1zaXplOiAxMnB4OyBsaW5lLWhlaWdodDogbm9ybWFsOyB3aGl0ZS1zcGFjZTogcHJlLXdyYXA7Ij4uLi4mcXVvdDsuIDwvc3Bhbj4NCtCa0LDQuiDRgtCw0Log0LLQvtC+0LHRidC1INGB0LvRg9GH0LjQu9C+0YHRjD8g0JTQu9GPINC80LXQvdGPINC30LDQs9Cw0LTQutCwLg0K0JrQsNC6INC+0L0g0LLQvtC30L3QuNC6INCyINC80L7QtdC5INC20LjQt9C90Lg/DQrQmtCw0Log0LLQvtC+0LHRidC1INC80L7QttC90L4g0LLQtNGA0YPQsyDRgdGC0LDRgtGMINGC0LDQutC+0Lkg0YHRh9Cw0YHRgtC70LjQstC+0Lk/DQoNClAuUy4g0JAsINC00LAsINCyINC/0L7QvdC10LTQtdC70YzQvdC40Log0LLRgdGC0YDQtdGC0LjQu9CwINChLiDRgdC70YPRh9Cw0LnQvdC+LiDQntC9INCy0YvQs9C70Y/QtNC40YIg0L/RgNC+0YHRgtC+INGD0LbQsNGB0L3Qvi4g0Jgg0LzQvdC1INC90LUg0LLQtdGA0LjRgtGB0Y8sINGH0YLQviDRjyDQv9C+0YLRgNCw0YLQuNC70LAgMiw1INCz0L7QtNCwINC90LAg0L7RgtC90L7RiNC10L3QuNGPINGBINC90LjQvCDQuCDQtdGJ0LUgOCDQvNC10YHRj9GG0LXQsiwg0YfRgtC+0LHRiyDQtdCz0L4g0LfQsNCx0YvRgtGMLg=="
"eventtime","2014-03-27 16:47:00"
"url","http://no-wisdom.livejournal.com/10072.html"
"userid","11071"
"itemid","38"
"event","0J/RgNC+0LfQstGD0YfQsNC70Lgg0YHQu9C+0LLQsCwg0L7RgiDQvdC10LPQviwg0LLQvdC10LfQsNC/0L3Qvi4NCtCe0YUuDQrQktC10YHRjCDQtNC10L3RjCDQutCw0Lot0LHRg9C00YLQviDRgNCw0YHQutGA0LDRgdC40LvQuCDQsiDRj9GA0LrQuNC1INC60YDQsNGB0LrQuC4NCtCd0LjQutC+0LPQtNCwINGC0LDQuiDQvdC1INGH0YPQstGB0YLQstC+0LLQsNC70LAg0YDQsNC90YzRiNC1Lg=="
"eventtime","2014-03-20 12:22:00"
"url","http://no-wisdom.livejournal.com/9866.html"
"userid","11071"
"itemid","37"
"event","0JzQvtC5INC80LjRgCDQstGB0LUg0YLQsNC6INC20LUg0YHQvtGB0YDQtdC00L7RgtC+0YfQtdC9INCy0L7QutGA0YPQsyDQvdCw0YjQuNGFINGBINC90LjQvCDQvtGC0L3QvtGI0LXQvdC40LkuINCvINC+0YLRh9Cw0Y/QvdC90L4g0L3QtSDQstGL0YHRi9C/0LDRjtGB0Ywg0LLQviDQstGC0L7RgNC90LjQuiwg0L3QviDQvdC1INGD0L/Rg9GB0LrQsNGOINCy0L7Qt9C80L7QttC90L7RgdGC0Ywg0YPQstC40LTQtdGC0Ywg0LXQs9C+INCyINC/0L7QvdC10LTQtdC70YzQvdC40Log0Lgg0L/RgNC+0LLQtdGB0YLQuCDRgSDQvdC40Lwg0L/QvtCx0L7Qu9GM0YjQtSDQstGA0LXQvNC10L3QuCwg0YLQvtC70YzQutC+IDxpPtC90LDRiNC10LPQviA8L2k+0LLRgNC10LzQtdC90Lg8aT4uPC9pPg0KDQrQmNC90L7Qs9C00LAg0L7QvSDRgtCw0LrQvtC5INGB0LXRgNGM0LXQt9C90YvQuSwg0YfRgtC+LCDQutCw0LbQtdGC0YHRjywg0L3QsNGF0L7QtNC40YLRgdGPINCz0LTQtS3RgtC+INC30LAg0LzQuNC70LvQuNC+0L3RiyDRgdCy0LXRgtC+0LLRi9GFINC70LXRgiDQvtGCINC80LXQvdGPLiDQmCDQvNC90LUg0YHRgNCw0LfRgyDRgdGC0LDQvdC+0LLQuNGC0YHRjyDRhdC+0LvQvtC00L3Qvi4g0J3QviDQuCDRgtCw0LrQvtC5INC+0L0g0L3RgNCw0LLQuNGC0YHRjyDQvNC90LUuDQrQmCDRjyDRgtCw0Log0LvRjtCx0LvRjiDQtdCz0L4g0LPRg9Cx0YsuINCYINC70Y7QsdC70Y4gPGk+0LvRjtCx0L7QstGMPC9pPiDRgSDQvdC40LwuINCe0L3QsCDQv9C+0YLRgNGP0YHQsNGO0YnQsNGPLg0K0K8g0L3QtSDQt9C90LDRjiDRgtC+0YfQvdC+LCDQutGC0L4g0Y8g0LTQu9GPINC90LXQs9C+INC4INGH0YLQviDQt9C90LDRh9GDINCyINC10LPQviDQttC40LfQvdC4LiAmbmJzcDvQndCw0LTQtdGO0YHRjCwg0YfRgtC+INC80L3QvtCz0L7QtS4="
"eventtime","2014-03-18 13:31:00"
"url","http://no-wisdom.livejournal.com/9687.html"
"userid","11071"
"itemid","36"
"event","0JzQvdC1INGC0LDQuiDRhdC+0YDQvtGI0L4sINGH0YLQviDQvNC90LUg0L3QtSDQstC10YDQuNGC0YHRjywg0YfRgtC+INGC0LDQutC+0LUg0LHRi9Cy0LDQtdGCLg0K0J3QsCDQtNC90Y/RhSDQsdGL0LvQuCDQvdCwINC60L7QvdGG0LXRgNGC0LUsINC+0YfQtdC90Ywg0LjQt9Cy0LXRgdGC0L3Ri9C5INC40YHQv9C+0LvQvdC40YLQtdC70Ywg0LLRgdGRINC/0LXQuyDQuCDQv9C10Lsg0YHQstC+0Lgg0L3QvtCy0YvQtSDQv9C10YHQvdC4LCDQutC+0YLQvtGA0YvRhSDQvdC40LrRgtC+INC90LUg0LfQvdCw0LsuINCS0YHQtSDQttC00LDQu9C4INGF0LjRgtC+0LIuINCQINC/0L7RgtC+0Lwg0L7QvSDRgdC60LDQt9Cw0Ls6ICZxdW90O9Ch0LvQtdC00YPRjtGJ0YPRjiDQv9C10YHQvdGOINC00LDQstCw0LnRgtC1INGB0L/QvtC10Lwg0LLQvNC10YHRgtC1JnF1b3Q7LiDQmC4uLiDQt9Cw0L/QtdC7INC+0L/Rj9GC0Ywg0YfRgtC+LdGC0L4g0L3QtdC40LfQstC10YHRgtC90L7QtS4NCtCc0Ysg0YHRgtC+0Y/Qu9C4INGA0Y/QtNC+0LwsINC4IDxpPtC+0L08L2k+INGB0LrQsNC30LDQuyDQvNC90LU6ICZxdW90O9Cn0YLQviDQttC1INGC0Ysg0L3QtSDQv9C+0LXRiNGMPyZxdW90Oy4g0K8g0LfQsNGB0LzQtdGP0LvQsNGB0Ywg0LgmbmJzcDsg0L/QvtGH0YPQstGB0YLQstC+0LLQsNC70LAsINC60LDQuiDRjyDRgdGH0LDRgdGC0LvQuNCy0LAuDQrQn9C+0YLQvtC8INC80Ysg0LXRhdCw0LvQuCDQsiDQvNC10YLRgNC+LCDQvtC9INGA0LDRgdGB0LrQsNC30YvQstCw0Lsg0LzQvdC1INC40YHRgtC+0YDQuNC4LCDQuCDRjyDQtNGD0LzQsNC70LAsINC60LDQuiDQu9GO0LHQu9GOINGB0LvRg9GI0LDRgtGMINC10LPQvi4NCtCQINGB0LXQs9C+0LTQvdGPLi4uINCh0LXQs9C+0LTQvdGPINGC0L7QttC1INCx0YvQuyDRh9GD0LTQtdGB0L3Ri9C5INGB0Y7RgNC/0YDQuNC3Lg0K0JrQsNC6INCy0L7RgdGF0LjRgtC40YLQtdC70YzQvdC+INC90LDRh9Cw0LvRgdGPINGN0YLQvtGCINCz0L7QtCwg0LrRgtC+INCx0Ysg0LzQvtCzINC/0L7QstC10YDQuNGC0Ywg0Lgg0L/RgNC10LTQv9C+0LvQvtC20LjRgtGMLi4uINCd0LUg0Y8gLSDRg9C2INGC0L7Rh9C90L4h"
"eventtime","2014-03-09 01:52:00"
"url","http://no-wisdom.livejournal.com/9449.html"
"userid","11071"
"itemid","35"
"event","0JTQstCwINC80LXRgdGP0YbQsCDQv9C+0LfQsNC00LgsINCwINGPINCy0YHRkSDRgdC40LvRjNC90LXQtSDRh9GD0LLRgdGC0LLRg9GOINC/0L7RgtGA0LXQsdC90L7RgdGC0Ywg0LLQuNC00LXRgtGMINC10LPQvi4g0JLRgdGRINGB0LjQu9GM0L3QtdC1INC4INCy0YHRkSDRh9Cw0YnQtS4g0J7QvSDQstGB0ZEg0YHQuNC70YzQvdC10LUg0L3Rg9C20LXQvSDQvNC90LUuIA0K0Jgg0Y8g0LfQsNCx0YvQstCw0Y4g0L/RgNC+INC/0L7QtNGA0YPQsywg0L/RgNC+INC60LjQvdC+0YTQuNC70YzQvNGLINC4INC60L3QuNCz0LguINCYINGPINC/0L7QvNC90Y4g0YLQvtC70YzQutC+INGC0L4sINGH0YLQviDQvNGLINC80L7QttC10Lwg0LLRgdGC0YDQtdGC0LjRgtGM0YHRjyDRgSDQvdC40LwuINCYINGPINCz0L7RgtC+0LLQsCDQttC00LDRgtGMINC10LPQvi4g0Jgg0Y8g0YHRh9Cw0YHRgtC70LjQstCwINGN0YLQvtC5INC30LjQvNC+0Lku"
"eventtime","2014-03-02 13:02:00"
"url","http://no-wisdom.livejournal.com/8973.html"
"userid","11071"
"itemid","34"
"event","0JzQvdC1INGF0L7Rh9C10YLRgdGPINGD0LfQvdCw0LLQsNGC0Ywg0LXQs9C+LiAmcXVvdDvQn9C+INC60YDRg9C/0LjRhtCw0LwsINC/0L4g0LrQu9C10YLQutCw0LwmcXVvdDsuINCc0L3QtSDRhdC+0YfQtdGC0YHRjyDQvtGC0LrRgNGL0LLQsNGC0Ywg0LXQs9C+LiDQntC9IDxpPtGD0LbQtTwvaT4g0LzQvdC1INCx0LvQuNC30LrQuNC5LCDQvdC+INCy0YHRkSDQttC1INC/0L7QutCwINGB0L7QstGB0LXQvCDQtNCw0LvRkdC60LjQuS4g0JzRiyDQsdC+0LvRgtCw0LXQvCDQviDQtdGA0YPQvdC00LUg0Lgg0L3QtSDQvtGH0LXQvdGMLCDQvNC90LUg0Y3RgtC+INC90YDQsNCy0LjRgtGB0Y8uINCa0L7Qs9C00LAg0LLQtNGA0YPQsyDQv9GA0L7RgdC60LDQu9GM0LfRi9Cy0LDQtdGCINGN0YLQviAmcXVvdDvQvdC1INC+0YfQtdC90YwmcXVvdDssINC4INGPINGD0LfQvdCw0Y4g0YfRgtC+LdGC0L4g0LHQvtC70YzRiNC10LUuINCd0L4g0L/QvtC60LAg0L7QvSDQtNC70Y8g0LzQtdC90Y8gLSDQt9Cw0LPQsNC00LrQsC4g0KfRgtC+INC+0L0g0YfRg9Cy0YHRgtCy0YPQtdGCPyDQmtCw0Log0L7QvSDRh9GD0LLRgdGC0LLRg9C10YI/INCYINC90LDRgdC60L7Qu9GM0LrQviDRgdC+0L/QvtGB0YLQsNCy0LjQvNC+INGN0YLQviDRgSDRgtC10LwsINC60LDQuiAtICZuYnNwO9GB0YLRgNCw0L3QvdC+LdGB0LjQu9GM0L3Qvi3QvdC10L/QvtGF0L7QttC1INC90LAg0LLRgdGRINCx0YvQstGI0LXQtSAtINGH0YPQstGB0YLQstGD0Y4g0YHQtdC50YfQsNGBINGPPyAmcXVvdDvQndC1INC30L3QsNC70Lgg0LLRiywg0YfRgtC+INGPINCyINGB0L/Qu9C+0YjQvdC+0Lwg0LTRi9C80YMmcXVvdDsuINCv0L3QstCw0YDRjCDQuCDQv9C+0LvQvtCy0LjQvdCwINGD0LbQtSDRhNC10LLRgNCw0LvRjyAtINC60LDQuiDQvdCw0LLQsNC20LTQtdC90LjQtS4g0JrQsNC6INGB0L7QvS4g0J3QviDRgdC+0L0g0L/RgNC40Y/RgtC90YvQuS4g0JIg0YHRg9Cx0LHQvtGC0YMg0Y8g0LHRi9C70LAg0YDQsNGB0YHRgtGA0L7QtdC90LAsINC90L4g0L3QtSDQvtCx0LjQttC10L3QsC4g0Jgg0Y3RgtC+INGA0LDQtNGD0LXRgi4="
"eventtime","2014-02-12 14:50:00"
"url","http://no-wisdom.livejournal.com/8788.html"
"userid","11071"
"itemid","33"
"event","0JrQvtCz0LTQsCDQstGB0LUg0YXQvtGA0L7RiNC+IC0g0Y3RgtC+INC90LXQv9GA0LjQstGL0YfQvdC+LiANCtCR0YvQu9C+INC/0YDQuNCy0YvRh9C90L4gLSDRgtC+0YHQutCwINC/0L4g0KEuLCDQvtC00LjQvdC+0YfQtdGB0YLQstC+LCDQv9C+0L/Ri9GC0LrQuCDQtdCz0L4g0LfQsNCx0YvRgtGMLCDQvtC/0Y/RgtGMINC+0LTQuNC90L7Rh9C10YHRgtCy0L4sINCy0YHRgtGA0LXRh9C4INGBINC00YDRg9Cz0LjQvNC4IC0g0L3QtdC40L3RgtC10YDQtdGB0L3Ri9C80Lgg0LzQvdC1IC0g0L3Qviwg0L7Qv9GP0YLRjCDQttC1LCDQstGB0LUg0YDQsNC00Lgg0YLQvtCz0L4sINGH0YLQvtCx0Ysg0L3QsNGD0YfQuNGC0YzRgdGPINC20LjRgtGMINCx0LXQtyDQvNGL0YHQu9C10Lkg0L4g0L3QtdC8LCDQsdGL0LvQsCDQv9C10YDQstCw0Y8g0YTQuNC30LjRh9C10YHQutCw0Y8g0LHQu9C40LfQvtGB0YLRjCDQv9C+0YHQu9C1INC90LXQs9C+IC0g0L3QsCDRgNCw0YbQuNC+0L3QsNC70YzQvdC+0Lwg0YPRgNC+0LLQvdC1LCDRgSDRg9GB0LjQu9C40LXQvCAtINC90LDQtNC+LdC90LDQtNC+LdC90LDQtNC+LiDQndCw0LTQviDQstGB0YLRgNC10YfQsNGC0YzRgdGPLCDRhdC+0LTQuNGC0Ywg0LIg0LrQsNGE0LUsINC90YPQttC90LAg0LHQu9C40LfQvtGB0YLRjC4g0JTQsC4g0J3QsNCy0LXRgNC90L4sINCdLiDQvdC1INC+0YfQtdC90Ywg0YXQvtGA0L7RiNC+INGB0L/RgNCw0LLQu9GP0LvRgdGPINGBINGN0YLQvtC5INGA0L7Qu9GM0Y4sINCwLCDQvNC+0LbQtdGCLCDQvdCw0L7QsdC+0YDQvtGCLiDQryDQuiDQvdC10LzRgyDQvdC40YfQtdCz0L4g0L3QtSDRh9GD0LLRgdGC0LLQvtCy0LDQu9CwIC0g0L3QuC3Rh9C1LdCz0L4uINCd0L4g0Y8g0L/QtdGA0LXRiNC70LAg0L7Qv9GA0LXQtNC10LvQtdC90L3Ri9C5INGA0YPQsdC10LYsINGB0LzQvtCz0LvQsCDQvdCw0YfQsNGC0Ywg0L7RgtC90L7RiNC10L3QuNGPINC/0L7RgdC70LUg0KEuIA0K0JAg0L/QvtGC0L7QvCDRjyDQstC70Y7QsdC40LvQsNGB0YwuDQrQmCDQstGB0ZEg0YHRgtCw0LvQviDRgtCw0Log0L/RgNC+0YHRgtC+LiDQmtC+0LPQtNCwINGC0Ysg0YXQvtGH0LXRiNGMINCy0LjQtNC10YLRjCDRjdGC0L7Qs9C+INGH0LXQu9C+0LLQtdC60LAsINC/0YDQvtGB0YLQviDQstC40LTQtdGC0YwuINCi0LXQsdC1INC90LUg0LLQsNC20L3Qviwg0LXRgdGC0Ywg0LvQuCDRgyDQvdC10LPQviDQvNCw0YjQuNC90LAsINC/0LvQsNGC0LjRgiDQvtC9INC30LAg0YLQtdCx0Y8g0LIg0LrQsNGE0LUg0LjQu9C4INC90LXRgiwg0L3QtdCy0LDQttC90L4sINC/0L7QudC00LXRgtC1INC70Lgg0LLRiyDQutGD0LTQsC3RgtC+INC40LvQuCDQv9GA0L7RgdGC0L4g0LHRg9C00LXRgtC1INC70LXQttCw0YLRjCDQsiDQutGA0L7QstCw0YLQuCwg0L/QuNGC0Ywg0LLQuNC90L4g0Lgg0YHQvNC+0YLRgNC10YLRjCDQutC+0L3RhtC10YDRgtGLINCy0L7RgdGM0LzQuNC70LXRgtC90LXQuSDQtNCw0LLQvdC+0YHRgtC4LiDQotC10LHQtSDQstCw0LbQvdC+OiDQv9GA0LjQutCw0YHQsNGC0YzRgdGPINC6INC90LXQvNGDLCDRhtC10LvQvtCy0LDRgtGMINC10LPQviwg0YLRgNC+0LPQsNGC0Ywg0LXQs9C+INC70LjRhtC+INC4INC/0LvQtdGH0LgsINCz0L7QstC+0YDQuNGC0Ywg0YEg0L3QuNC8LiDQmCDRgNGP0LTQvtC8INGBINC90LjQvCDQstGA0LXQvNGPINC70LXRgtC40YIuINCQINCx0LXQtyDQvdC10LPQviDRgtCw0YnQuNGC0YHRjy4NCtCYINCy0YDQvtC00LUg0L7QvSDQvdC1INCz0LXRgNC+0Lkg0LzQvtC10LPQviDRgNC+0LzQsNC90LAgKNC+0L/RgNC10LTQtdC70LXQvdC90L4sINCy0YDQsNC30YDQtdC3INGBINC80LXRh9GC0LDQvNC4INGB0L7QstGA0LXQvNC10L3QvdGL0YUg0LTQtdCy0YPRiNC10LogJm5ic3A70L4g0L/RgNC40L3RhtC1INC90LAgYm13IHg1KSwg0L3QviDRgSDQvdC40Lwg0Y8g0YLQsNC60LDRjyDQvdCw0YHRgtC+0Y/RidCw0Y8sINGBINC90LjQvCDRjyDQstGB0L/QvtC80LjQvdCw0Y4g0LLRgdC1INGC0L4sINGH0YLQviDQu9GO0LHQuNC70LAg0LrQvtCz0LTQsC3RgtC+LCDQsCDQv9C+0YLQvtC8INC/0L7Qt9Cw0LHRi9C70LAsINCz0L7QtNGDINCyIDIwMTAuICjQodC+INCy0YDQtdC80LXQvSDQstGB0YLRgNC10YfQuCDRgSDQoS4g0Y8g0L/QtdGA0LXRgdGC0LDQu9CwINGF0L7QtNC40YLRjCDQvdCwINC60L7QvdGG0LXRgNGC0YspLg0K0KEg0L3QuNC8INC80L3QtSDQu9C10LPQutC+LCDQuCDQstGB0LUg0LrQsNC20LXRgtGB0Y8g0YLQsNC60LjQvCDQv9GA0L7RgdGC0YvQvCDQuCDQtdGB0YLQtdGB0YLQstC10L3QvdGL0LwgLSDQuCDQsdC70LjQt9C+0YHRgtGMINCyINGC0L7QvCDRh9C40YHQu9C1Lg0K0JzQvdC1INC90LXQv9GA0LjQstGL0YfQvdC+LCDRh9GC0L4g0LzQvdC1INGF0L7RgNC+0YjQvi4NCtCd0L4g0LzQvdC1INC00LXQudGB0YLQstC40YLQtdC70YzQvdC+INGF0L7RgNC+0YjQvi4="
"eventtime","2014-02-04 13:48:00"
"url","http://no-wisdom.livejournal.com/8630.html"
"userid","11071"
"itemid","32"
"event","0KMg0L3QsNGBINC/0YPQs9Cw0Y7RidC1INC80L3QvtCz0L4g0L7QsdGJ0LXQs9C+LCDQvNC90LUg0LTQviDQsdC10LfRg9C80LjRjyDQtNC+0LvQs9C+INGF0L7Rh9C10YLRgdGPINGB0LzQvtGC0YDQtdGC0Ywg0L3QsCDQvdC10LPQviDQuCDQvtCx0L3QuNC80LDRgtGMINC10LPQvi4NCtCc0L3QtSDRhdC+0YDQvtGI0L4g0YEg0L3QuNC8LCDQuCDQstGA0LXQvNGPINC70LXRgtC40YIuDQrQoyDRjdGC0L7Qs9C+INCz0L7QtNCwINGF0L7RgNC+0YjQtdC1INC90LDRh9Cw0LvQvi4NCtCQINGC0LDQutC40YUg0YfRg9Cy0YHRgtCyINGDINC80LXQvdGPINC90LUg0LHRi9C70L4g0YPQttC1INC+0YfQtdC90Ywt0L7Rh9C10L3RjCDQtNCw0LLQvdC+LCDRgSAyMDEwLCDQtdGB0LvQuCDQsdGL0YLRjCDRgtC+0YfQvdC+0LkuDQrQn9GD0YHRgtGMINCy0YHQtSDRgtCw0Log0L/RgNC+0LTQvtC70LbQsNC10YLRgdGPLCDQv9GD0YHRgtGMLg=="
"eventtime","2014-02-02 03:05:00"
"url","http://no-wisdom.livejournal.com/8381.html"
"userid","11071"
"itemid","31"
"event","0KXQvtGH0YMsINGH0YLQvtCx0Ysg0Y3RgtC4INGH0YPQstGB0YLQstCwINGB0L7RhdGA0LDQvdC40LvQuNGB0Ywg0L3QsNC00L7Qu9Cz0L4uLi4NCtCQINCy0L7QvtCx0YnQtSDQsNCx0YHQvtC70Y7RgtC90YvQuSDQv9Cw0YDQsNC00L7QutGBIC0g0L/RgNC+0YHRgtC+INGC0LDQuiDQstC30Y/RgtGMICZuYnNwO9C4INCy0LvRjtCx0LjRgtGM0YHRjy4gJm5ic3A70KXQuNC80LjRjz8g0K8sINGH0LXRgdGC0L3QviDQs9C+0LLQvtGA0Y8sINC00LDQttC1INC90LUg0L7QttC40LTQsNC70LAsINGH0YLQviDRgtCw0Log0LLRi9C50LTQtdGCLiDQlNC10LnRgdGC0LLQuNGC0LXQu9GM0L3Qviwg0YXQuNC80LjRjy4uLg0K0JrQsNC6INC20LUg0LzQvdC1INGA0Y/QtNC+0Lwg0YEg0L3QuNC8INGF0L7RgNC+0YjQviwg0L4g0LzQsNC5INCz0LDRgtGN0LHQuy4="
"eventtime","2014-01-19 01:48:00"
"url","http://no-wisdom.livejournal.com/7976.html"
"userid","11071"
"itemid","30"
"event","0K8g0YHRhdC+0LbRgyDRgSDRg9C80LAuIA0K0JzQvdC1INC90LUg0LLQtdGA0LjRgtGB0Y8sINGH0YLQviDRjyDQstC+0L7QsdGJ0LUg0L7Qv9GP0YLRjCDQvNC+0LPRgyA8aT7RgtCw0Lo8L2k+INGH0YPQstGB0YLQstC+0LLQsNGC0YwuDQrQnNC90LUg0LrQsNC30LDQu9C+0YHRjCwg0YfRgtC+INCy0YHQtSDQv9C+0LTQvtCx0L3Ri9C1INGH0YPQstGB0YLQstCwINC90LDQstGB0LXQs9C00LAg0LHRg9C00YPRgiDRgdCy0Y/Qt9Cw0L3RiyDQuCDQvtGC0L3QtdGB0LXQvdGLINGC0L7Qu9GM0LrQviDQuiDQoS4NCtCd0L4g0LzQuNGAINC90LUg0YHRgtC+0LjRgiDQvdCwINC80LXRgdGC0LUg0Lgg0YfQtdC70L7QstC10LosINC60LDQuiDQvtC60LDQt9GL0LLQsNC10YLRgdGPLCDRgtC+0LbQtS4NCtCl0L7Rh9GDLCDRh9GC0L7QsdGLINC/0YDQvtC00LvQuNC70L7RgdGMLg=="
"eventtime","2014-01-15 17:21:00"
"url","http://no-wisdom.livejournal.com/7872.html"
"userid","11071"
"itemid","29"
"event","0K8g0LzQsNC70LXQvdGM0LrQsNGPINC4INCz0LvRg9C/0LDRjyDQtNC10LLQvtGH0LrQsC4g0Jgg0L7Rh9C10L3RjCDQstC/0LXRh9Cw0YLQu9C40YLQtdC70YzQvdCw0Y8uINCh0LLQtdGA0YUuINCYINGB0LLQtdGA0YXRgNCw0L3QuNC80LDRjw0K0K8g0YHQvtC30LTQsNGOINGB0LXQsdC1INC/0YDQvtCx0LvQtdC80Ysg0YHQsNC80LAuINCvINC80L7Qs9GDINC+0YfQtdC90Ywg0YHQuNC70YzQvdC+INGH0YPQstGB0YLQstC+0LLQsNGC0YwuDQrQryDQv9GA0L7Rh9C40YLQsNC70LAg0YHQu9C40YjQutC+0Lwg0LzQvdC+0LPQviDQutC90LjQsy4g0Jgg0L7Rh9C10L3RjCDQu9GO0LHQuNC70LAgJnF1b3Q70KHQtdC60YDQtdGC0L3Ri9C1INC80LDRgtC10YDQuNCw0LvRiyZxdW90Oy4NCtCvINC70Y7QsdC70Y4g0YHQuNC70YzQvdGL0YUg0LzRg9C20YfQuNC9Lg0K0J3QviAmbmJzcDstINC4INC90YDQsNCy0YHRgtCy0LXQvdC90L4g0YHQuNC70YzQvdGL0YUuDQrQryDRh9GD0LLRgdGC0LLRg9GOLCDRh9GC0L4g0LzQtdC90Y8g0LbQtNC10YIg0YHRh9Cw0YHRgtGM0LUuDQrQryDRgdGC0LDQu9CwINC+0YIg0L3QtdCz0L4g0YHQstC+0LHQvtC00L3QvtC5Lg=="
"eventtime","2013-10-25 00:18:00"
"url","http://no-wisdom.livejournal.com/7598.html"
"userid","11071"
"itemid","28"
"event","0JAg0Y3RgtC+INC90L7RgNC80LDQu9GM0L3QviAtINC+0LHRidCw0YLRjNGB0Y8g0YEg0L7QtNC90LjQvCDQvNGD0LbRh9C40L3QvtC5LCDQsCDQv9Cw0YDQsNC70LvQtdC70YzQvdC+INGH0LjRgtCw0YLRjCDQv9C10YDQtdC/0LjRgdC60YMg0LfQsCAyMDEwINCz0L7QtCDRgSDQtNGA0YPQs9C40Lw/Li4mcXVvdDvQndC1INC/0L7QstGC0L7RgNGP0LXRgtGB0Y8g0YLQsNC60L7QtSDQvdC40LrQvtCz0LTQsCZxdW90Oy4g0KLQsNC6INCy0YDQvtC00LU/DQrQmNC70Lgg0L/QvtGH0LXQvNGDINC80Ysg0LLRi9Cx0LjRgNCw0LXQvCDQvdC1INGC0LXRhT8g0JLQtdGA0L3QtdC1LCDQstC70Y7QsdC70Y/QtdC80YHRjyDQvdC1INCyINGC0LXRhS4g0JAg0YXQvtGA0L7RiNC40LUg0L/QsNGA0L3QuC4uLiDQvtC90Lgg0LXRgdGC0YwsINC90L4g0L7QvdC4Li4g0LIg0L3QuNGFINGC0YDRg9C00L3QviDQstC70Y7QsdC40YLRjNGB0Y8uDQrQndCw0YjQsCDRgSDQvdC40Lwg0LjRgdGC0L7RgNC40Y8gLSDQv9C+0Y3QvNCwLiDQnNCw0Y/QutC+0LLRgdC60L7Qs9C+LCDQvdCw0L/RgNC40LzQtdGALiDQkCDQstC+0L7QsdGJ0LUsINCyIDEwINCz0L7QtNGDINGPINCx0YvQu9CwINC80L7Qu9C+0LTQsNGPINC4INCz0LvRg9C/0LDRjy4g0KXQvtGC0Y8g0LzQvdC1INGD0LbQtSDQsdGL0LvQviAyMi4g0KLQtSDQv9GA0LXRgtC10L3Qt9C40LggLSDQstC+INC80L3QvtCz0L7QvCDRgtCw0LrQuNC1INC00LXRgtGB0LrQuNC1LiDQlNCwINC4INC+0L0g0LHRi9C7INC80L3QtSDQv9C+0LQg0YHRgtCw0YLRjC4g0JrQvtGA0L7Rh9C1LCDQvNGLINC00YDRg9CzINC00YDRg9Cz0LAg0YHRgtC+0LjQu9C4Lg=="
"eventtime","2013-06-15 00:26:00"
"url","http://no-wisdom.livejournal.com/7315.html"
"userid","11071"
"itemid","27"
"event","0J3Rgywg0YDQsNC30YPQvNC10LXRgtGB0Y8sINGPINC90LUg0LfQsNGA0LXQutCw0Y7RgdGMLiDQndC+INC90LAg0LTQsNC90L3QvtC8INGN0YLQsNC/0LUg0YEg0LjQvdGC0LXRgNC90LXRgi3Qt9C90LDQutC+0LzRgdGC0LLQsNC80Lgg0YDQtdGI0LjQu9CwINC/0L7QutC+0L3Rh9C40YLRjC4g0JzQvtC20LXRgiwg0L7QvdC+INC40LfQvdCw0YfQsNC70YzQvdC+INCx0YvQu9C+INC90LUg0LzQvtGRPyDQnNC+0LbQtdGCINCx0YvRgtGMLCDRjdGC0L4g0LjRgdC60YPRgdGB0YLQstC10L3QvdC+0LUg0YHQvtC30LTQsNC90LjQtSDQstC30LDQuNC80L3QvtC5INGC0Y/Qs9C4LCDQv9GA0Lgg0L7RgtGB0YPRgtGB0YLQstC40Lgg0YLQvtCz0L4g0L3QtdC+0LHRhdC+0LTQuNC80L7Qs9C+INC/0LXRgNC40L7QtNCwICZxdW90O9C/0YDQuNGB0LzQsNGC0YDQuNCy0LDQvdC40Y8mcXVvdDsg0LTRgNGD0LMg0Log0LTRgNGD0LPRgywg0LDQv9GA0LjQvtGA0Lgg0L7QsdGA0LXRh9C10L3QviDQvdCwINC90LXRg9C00LDRh9GDPyDQktGLINC20LTQtdGC0LUsINGH0YLQviDQv9C+0LfQvdCw0LrQvtC80LjQstGI0LjRgdGMINC4INC90LDQudC00Y8g0LTRgNGD0LMg0LTRgNGD0LPQsCDQv9GA0LjQstC70LXQutCw0YLQtdC70YzQvdGL0LzQuCwg0YHQvNC+0LbQtdGC0LUg0LHRi9GB0YLRgNC+INC4INCx0LXQtyDQv9GA0L7QsdC70LXQvCDQv9C+0YHRgtGA0L7QuNGC0Ywg0LTQsNC70YzQvdC10LnRiNGD0Y4g0LbQuNC30L3RjD8g0JrQsNC6INCx0Ysg0L3QtSDRgtCw0LouLi4NCtCl0L7RgtGPLCDQsdC10LfRg9GB0LvQvtCy0L3Qviwg0LXRgdC70Lgg0LHRiyDQvdC1INC+0L3QuCwg0Y3RgtC4INGH0LXRgNGC0L7QstGLINC40L3RgtC10YDQvdC10YIt0LfQvdCw0LrQvtC80YHRgtCy0LAsINCyINC80L7QtdC5INC20LjQt9C90Lgg0L3QtSDQsdGL0LvQviDQsdGLINC60LDQuiDQvNC40L3QuNC80YPQvCA0INC70Y7QtNC10LksINC60L7RgtC+0YDRi9C1INC90LXQv9C70L7RhdC+INC10LUg0LjQt9C80LXQvdC40LvQuCDQuNC70LgsINC/0L4g0LrRgNCw0LnQvdC10Lkg0LzQtdGA0LUsINC40LfQvNC10L3QuNC70Lgg0LzQtdC90Y86INCQMSwg0JAyLCDQoTEsINChMi4NCtCQMSAtINC00L7QsdGA0YvQuSDQuCDQv9C+0YDRj9C00L7Rh9C90YvQuSwg0YXQvtGA0L7RiNC40Lkg0YLQvtCy0LDRgNC40YksINC40L3RgtC10YDQtdGB0L3Ri9C5INGB0L7QsdC10YHQtdC00L3QuNC6LCDRh9C10LvQvtCy0LXQuiwg0LTQu9GPINC60L7RgtC+0YDQvtCz0L4g0LLQsNC20L3RiyDRgtGA0LDQtNC40YbQuNC+0L3QvdGL0LUg0YbQtdC90L3QvtGB0YLQuCwg0LrQvtGC0L7RgNGL0Lkg0YHRgtGA0LXQvNC40YLRgdGPINC6INGB0LDQvNC+0YDQsNC30LLQuNGC0LjRjiwg0YfQtdC70L7QstC10LosINC60L7RgtC+0YDRi9C5INGB0YfQuNGC0LDQtdGCINC80LXQvdGPINC60YDQsNGB0LjQstC+0LkgKNGH0YLQviDQv9GA0LjRj9GC0L3Qvikg0Lgg0LrQvtGC0L7RgNGL0Lkg0L3QtSDRgdGC0LXRgdC90Y/QtdGC0YHRjyDQvtCxINGN0YLQvtC8INCz0L7QstC+0YDQuNGC0YwgKNGH0YLQviDQv9GA0LjRj9GC0L3QviDQstC00LLQvtC50L3QtSksINGF0L7RgtGPINC80Ysg0LTQsNCy0L3QviDQvdC1INCy0LzQtdGB0YLQtSwg0Lgg0LrQvtGC0L7RgNGL0Lkg0L/QviDRgdGC0LDRgNC+0Lkg0LTRgNGD0LbQsdC1ICjQvdGDLCDQuNC70Lgg0L3QtSDRgdC+0LLRgdC10Lwg0LTRgNGD0LbQsdC1OykgKSDQstGB0LXQs9C00LAg0LPQvtGC0L7QsiDQv9GA0LjQtdGF0LDRgtGMINC4INC/0L7QvNC+0YfRjCDQvNC90LUg0YEg0LrQvtC80L/RjNGO0YLQtdGA0L7QvC4g0JIg0L7QsdGJ0LXQvCwg0JAxIC0g0L/RgNC+0YfQvdC+INC/0YDQvtC00L7Qu9C20LDQtdGCINGB0YPRidC10YHRgtCy0L7QstCw0YLRjCDQsiDQvNC+0LXQuSDQttC40LfQvdC4LCDQv9GA0Lgg0L7RgtGB0YPRgtGB0YLQstC40Lgg0YDQvtC80LDQvdGC0LjRh9C10YHQutC40YUg0L7RgtC90L7RiNC10L3QuNC5Lg0K0KEg0JAyINGPINCx0L7Qu9GM0YjQtSDQvdC1INC+0LHRidCw0Y7RgdGMLiDQoyDQvdC10LPQviDRgtC10L/QtdGA0Ywg0YHQtdC80YzRjyDQuCDRgNC10LHQtdC90L7QuiAtINCy0YHRkSwg0LrQsNC6INC+0L0g0YXQvtGC0LXQuy4g0J7QvSDRgtC+0LbQtSDQstC/0L7Qu9C90LUg0L/QvtGA0Y/QtNC+0YfQvdGL0Lkg0LgsINCx0LXQt9GD0YHQu9C+0LLQvdC+LCDQvtGH0LXQvdGMINC40L3RgtC10LvQu9C10LrRgtGD0LDQu9GM0L3Ri9C5ICZuYnNwO9GH0LXQu9C+0LLQtdC6LCDRgtGA0LXQsdC+0LLQsNGC0LXQu9GM0L3Ri9C5INC6INGB0LXQsdC1ICjQstC/0YDQvtGH0LXQvCwg0Lgg0Log0LTRgNGD0LPQuNC8KS4g0JLRgdC/0L7QvNC40L3QsNGPINC+INC90LXQvCwg0Y8g0LLQuNC20YMg0LvQtdGC0L4sINGH0LXRgNC10YjQvdGOLCDRiNCw0YjQu9GL0Log0Lgg0LrRgNCw0YHQvdC+0LUg0LLQuNC90L4uINCQMiDQsdGL0Lsg0L3QtdGB0LrRg9C/INC4INC30LDQsdC+0YLQu9C40LIuINCvINGD0LLQtdGA0LXQvdCwLCDRh9GC0L4g0LjQtyDQvdC10LPQviDQstGL0YjQtdC7INC/0YDQtdC60YDQsNGB0L3Ri9C5INC80YPQtiDQuCAo0L7RgdC+0LHQtdC90L3QviEpINC+0YLQtdGGLg0K0KExIC0g0L7Rh9C10L3RjCDQvdC10L7QsdGL0YfQvdGL0Lkg0YfQtdC70L7QstC10LosINGB0LLQtdGC0LvRi9C5INC4INC90LXQvNC90L7Qs9C+INGB0YLRgNCw0L3QvdGL0LkuINCd0LXQttC90YvQuSDQuCDQv9GA0LXQtNCw0L3QvdGL0LksINC30LDQsdC+0YLQu9C40LLRi9C5INC4INC90Lgg0LrQsNC/0LXQu9GM0LrQuCDQvdC1INGN0LPQvtC40YHRgi4g0KEg0L3QuNC8INGDINC80LXQvdGPINGB0LLRj9C30LDQvdCwINC/0LXRgNCy0LDRjyDQstC70Y7QsdC70LXQvdC90L7RgdGC0YwuINChMSAtINCy0LXQu9C40LrQvtC00YPRiNC90YvQuSwg0LzQvdC+0LPQviDRgNCw0LcsINGD0LbQtSDRgdC/0YPRgdGC0Y8g0LLRgNC10LzRjywg0LPQvtGC0L7QsiDQsdGL0Lsg0LLRgdGC0YDQtdGC0LjRgtGM0YHRjyDRgdC+INC80L3QvtC5INC4INC/0L7QvNC+0YfRjCwg0LXRgdC70Lgg0L3QsNC00L4sINC00LDQttC1INGC0LDQutC+0Lkg0LzQtdC70L7Rh9GM0Y4sINC60LDQuiAzMCDRgNGD0LHQu9C10Lkg0L3QsCDQvNCw0YDRiNGA0YPRgtC60YMuINCvINC00L4g0YHQuNGFINC/0L7RgCDRhdGA0LDQvdGOINC10LPQviDQv9C+0LTQsNGA0LrQuC3QstGB0LUg0LTQviDQtdC00LjQvdC+0LPQvi0sINC4INC80L3QtSDQv9GA0LjRj9GC0L3Qviwg0L/QvtC70YzQt9GD0Y/RgdGMINC40LzQuCwg0LLRgdC/0L7QvNC40L3QsNGC0Ywg0L4g0L3QtdC8LiDQmCDQvNC90LUsINC90LDQstC10YDQvdC+LCDQsdGD0LTQtdGCINC+0YfQtdC90Ywg0LbQsNC70LrQviDQv9C+0YLQtdGA0Y/RgtGMINC10LPQviwg0LrQvtCz0LTQsCDQvtC9INCy0YHRgtGA0LXRgtC40YIg0YHQstC+0Y4g0LXQtNC40L3RgdGC0LLQtdC90L3Rg9GOLCDQuCDQttC10L3QuNGC0YHRjy4NCtCd0YMsINC4INChMi4g0JTRg9C80LDRjiwg0LTQsNC20LUg0LXRgdC70Lgg0LIg0LzQvtC10Lkg0LbQuNC30L3QuCDQstGB0ZEg0YHQu9C+0LbQuNGC0YHRjyDRg9C00LDRh9C90L4sINC4INGPINCy0YHRgtGA0LXRh9GDINC60L7Qs9C+LdGC0L4g0LgsINCx0YvRgtGMINC80L7QttC10YIsINCy0YvQudC00YMg0LfQsNC80YPQtiwg0Lgg0YMg0LzQtdC90Y8g0LHRg9C00YPRgiDQtNC10YLQuCwg0LTQsNC20LUg0L/RgNC4INCy0YHQtdGFINGN0YLQuNGFINGD0YHQu9C+0LLQuNGP0YUsINGPINC00YPQvNCw0Y4sINGH0YLQviDRjyDQvdC1INC30LDQsdGD0LTRgyDQoTIuINCe0L0g0L3QtSDQsdGL0Lsg0L7Rh9C10L3RjCDQt9Cw0LHQvtGC0LvQuNCyINC40LvQuCDQvtGH0LXQvdGMINGJ0LXQtNGALCDQvdC1INC30LDRgdGL0L/QsNC7INC80LXQvdGPINC60L7QvNC/0LvQuNC80LXQvdGC0LDQvNC4LCDQvdC1INGB0YLQsNGA0LDQu9GB0Y8g0YDQtdGI0LjRgtGMINC80L7QuCDQv9GA0L7QsdC70LXQvNGLLCDQvtC9INC90LUg0LHRi9C7INC40LTQtdCw0LvQtdC9Li4uINC90L4g0Y8g0LvRjtCx0LjQu9CwINC10LPQvi4g0JvRjtCx0LjQu9CwINC00LXRgNC20LDRgtGMINC10LPQviDQt9CwINGA0YPQutGDLCDRg9GC0LrQvdGD0YLRjNGB0Y8g0LIg0LXQs9C+INC/0LvQtdGH0L4sINC70Y7QsdC40LvQsCDQtdCz0L4g0L/QvtGG0LXQu9GD0LgsINC70Y7QsdC40LvQsCDQu9GO0LHQuNGC0Ywg0LXQs9C+LiDQm9GO0LHQuNC70LAg0LXQt9C00LjRgtGMINGBINC90LjQvCDQvdCwINC80LDRiNC40L3QtSwg0L3QtdCy0LDQttC90L4g0LrRg9C00LAsINC/0LjRgtGMINC60L7RhNC1LCDQsdC+0LvRgtCw0YLRjCDQvtCx0L4g0LLRgdC10LwsINC+0LHQvdC40LzQsNGC0Ywg0LXQs9C+INCy0L4g0YHQvdC1LCDRgdC40LTQtdGC0Ywg0YMg0L3QtdCz0L4g0L3QsCDQutC+0LvQtdC90Y/RhSDQvdCwINC60YDQvtGI0LXRh9C90L7QuSDQvdCw0YHQutCy0L7Qt9GMINC/0YDQvtC60YPRgNC10L3QvdC+0Lkg0LrRg9GF0L3QtS4g0JTQsCwg0Y3RgtC+INCx0YvQu9C+LiDQrdGC0L4g0L/RgNC+0YjQu9C+LiDQndC+INGN0YLQviDQsdGL0LvQuCDRgdCw0LzRi9C1INCz0LvQsNCy0L3Ri9C1INC+0YLQvdC+0YjQtdC90LjRjyDQstC+INCy0YHQtdC5INC80L7QtdC5IDI1LdC70LXRgtC90LXQuSDQttC40LfQvdC4Lg0K0Jgg0LLRgdC10LPQviDRjdGC0L7Qs9C+INC90LUg0LHRi9C70L4g0LHRiyDQsdC10Lcg0LjQvdGC0LXRgNC90LXRgi3Qt9C90LDQutC+0LzRgdGC0LIuINCS0YHQtdCz0L4uINCU0LDQttC1INC90LUg0LfQvdCw0Y4sINGH0YLQviDQvtGB0YLQsNC70L7RgdGMINCx0Ysg0YLQvtCz0LTQsC4NCtCi0LXQv9C10YDRjCDRjyDQsdC+0LvRjNGI0LUg0L3QtSDRhdC+0YfRgyDQvdC40YfQtdCz0L4g0L/QvtGF0L7QttC10LPQvi4NCtCf0YPRgdGC0Ywg0LLRgdGRINCyINC90L7QstC+0Lkg0LbQuNC30L3QuCDQsdGD0LTQtdGCINC/0L4t0LTRgNGD0LPQvtC80YMuDQrQlNCwLg=="
"eventtime","2013-05-06 01:47:00"
"url","http://no-wisdom.livejournal.com/7113.html"
"userid","11071"
"itemid","26"
"event","PHA+0Jgg0LzQvdC1INC00YPQvNCw0LXRgtGB0Y8g0YHQtdC50YfQsNGBLCDRh9GC0L4g0Y8g0L3QuNC60L7Qs9C00LAg0Lgg0L3QuNC60L7Qs9C+INCx0L7Qu9GM0YjQtSDQvdC1INC/0L7Qu9GO0LHQu9GOLCDRh9GC0L4g0L3QuNC60L7Qs9C00LAg0Lgg0L3QuCDRgSDQutC10Lwg0L3QtSDQsdGD0LTRgyDRgdGH0LDRgdGC0LvQuNCy0LAuINCYINGBINC90LjQvCDQvdC1INGB0LvQvtC20LjQu9C+0YHRjC4g0Jgg0LLQtdGB0Ywg0Y3RgtC+0YIg0L/QtdGA0LjQvtC0INC20LjQt9C90LggLSDRgSDQvNCw0Y8gMjAxMCDQv9C+INC00LXQutCw0LHRgNGMIDIwMTIgLSDQstC+0LHRgNCw0Lsg0LIg0YHQtdCx0Y8g0Lgg0LHRi9C7INC/0LXRgNCy0YvQvCZuYnNwOyDQuCDQv9C+0YHQu9C10LTQvdC40Lwg0YLQtdC8INGB0LDQvNGL0Lwg0L3QsNGB0YLQvtGP0YnQuNC8INC4INCz0LvRg9Cx0L7QutC40Lwg0L7Qv9GL0YLQvtC8L9C/0LXRgNC10LbQuNCy0LDQvdC40LXQvDxzcGFuIHN0eWxlPSJsaW5lLWhlaWdodDogMS40OyI+OyDQsiDRjdGC0L7QvCDQv9C10YDQuNC+0LTQtSwg0LfQsNC90Y/QstGI0LXQvCDQvNC10L3QtdC1INGC0YDQtdGFINC70LXRgiwg0L7RgdGC0LDQu9C40YHRjCDQstGB0LUg0LzQvtC4INGH0YPQstGB0YLQstCwINC4INCy0YHQtSDQvNC+0Lgg0Y3QvNC+0YbQuNC4LCDQstGB0Y8g0LzQvtGPINGA0LDQtNC+0YHRgtGMLCDQvNC+0Lgg0L3QsNC00LXQttC00YssINCy0YHRjyDQutCw0LbRg9GJ0LDRj9GB0Y8g0YLQtdC/0LXRgNGMINC/0YDQsNC60YLQuNGH0LXRgdC60Lgg0L3QtdCy0L7Qt9C80L7QttC90L7QuSDQu9C10LPQutC+0YHRgtGMINCx0YvRgtC40Y8uINCvINGC0LDQuiDQvtGC0YfQsNGP0L3QvdC+INC4INCx0LXQtyDQvtCz0LvRj9C00LrQuCDRgNCw0YHRgtGA0LDRh9C40LLQsNC70LAg0YHQstC+0Lgg0Y3QvNC+0YbQuNC4INC90LAg0L7RgtC90L7RiNC10L3QuNGPINGBINC90LjQvCwg0YfRgtC+INGC0LXQv9C10YDRjCDQvdC10YIg0L3QuNGH0LXQs9C+LCDQvdC4INC00LvRjyDQutC+0LPQvi4g0KXQvtGC0LXQu9CwINCx0Ysg0Y8sINGH0YLQvtCx0Ysg0LzRiyDQvdC40LrQvtCz0LTQsCDQvdC1INCy0YHRgtGA0LXRh9Cw0LvQuNGB0Yw/INCU0LAsINC80L7QttC10YIg0LHRi9GC0YwsINC4INGF0L7RgtC10LvQsCDQsdGLLiDQkdGL0LvQuCDQsdGLINC00YDRg9Cz0LjQtSDQu9C10LPQutC40LUg0L7RgtC90L7RiNC10L3QuNGPINGBINC60LXQvC3RgtC+INC00YDRg9Cz0LjQvCDQuNC70Lgg0L3QtSDQsdGL0LvQviDQsdGLINC90LjQutCw0LrQuNGFLi4uINCd0LUg0LfQvdCw0Y4uINCd0L4g0L3QsNGI0LgsINC+0YHRgtCw0LLRiNC40LXRgdGPINGC0LXQv9C10YDRjCDQsiDQv9GA0L7RiNC70L7QvCDQvtGC0L3QvtGI0LXQvdC40Y8sINGA0LDQt9GA0YPRiNC40LvQuCDQvNC10L3RjyDQtNC+INC+0YHQvdC+0LLQsNC90LjRjy4g0Jgg0L3QsNC00L4g0YEg0Y3RgtC40Lwg0LrQsNC6LdGC0L4g0LbQuNGC0YwuPC9zcGFuPjwvcD4="
"eventtime","2013-03-10 03:59:00"
"url","http://no-wisdom.livejournal.com/6805.html"
"userid","11071"
"itemid","25"
"event","0K3RgtC+0Lkg0L3QvtGH0YzRjiDRjyDRgdC60YPRh9Cw0Y4u"
"eventtime","2013-03-10 03:17:00"
"url","http://no-wisdom.livejournal.com/6645.html"
"userid","11071"
"itemid","24"
"event","0JPRgNGP0LTRg9GCINC/0LXRgNC10LzQtdC90YsuINCYINGB0YLRgNCw0YjQvdC+LCDQuCDRhdC+0YfQtdGC0YHRjywg0Lgg0L3QtdC/0L7QvdGP0YLQvdC+LCDRh9GC0L4g0LLQvtC+0LHRidC1INCx0YPQtNC10YIuDQrQn9C+INCx0L7Qu9GM0YjQvtC80YMg0YHRh9C10YLRgywg0LrQvtC90LXRh9C90L4sINCy0YHRkSDRgdC10LnRh9Cw0YEg0YXQvtGA0L7RiNC+LiDQkCDQtNC+0LvQttC90L4g0LHRi9GC0Ywg0LXRidC1INC70YPRh9GI0LUuDQrQndC+INGB0YLRgNCw0YjQvdC+LCDRh9C10LPQviDRg9C2INGB0LrRgNGL0LLQsNGC0YwuDQrQldGJ0LUg0Y3RgtCwINC+0YHQtdC90YwuINCd0LUg0LvRjtCx0LvRjiDQvtGB0LXQvdGMLCDQutCw0Log0L3QtSDQu9GO0LHQuNC70LAgNSDQu9C10YIg0L3QsNC30LDQtC4="
"eventtime","2012-10-16 16:27:00"
"url","http://no-wisdom.livejournal.com/6326.html"
"userid","11071"
"itemid","23"
"event","0J3Rgywg0LLQvtGCINCy0YHRkSDQuCDQstGL0Y/RgdC90LXQvdC+LiAmcXVvdDsuLi7QvNGLINC90LUg0YHQvNC+0LbQtdC8INCx0YvRgtGMINCy0LzQtdGB0YLQtSZxdW90Oy4NCtCQINC80L3QtSDQtNCw0LbQtSDQu9C10LPRh9C1Lg0K0J/QvtC60LAg0LHRi9C70LAg0L3QtdC40LfQstC10YHRgtC90L7RgdGC0YwsINCx0YvQu9C+INC4INGC0LXRgNC30LDQvdC40LUuDQrQotC10L/QtdGA0Ywg0LLRgdGRINGP0YHQvdC+Lg0K0JrQvtC90LXRhi4NCtCe0LTQuNC9INCz0L7QtCDQuCDQtNC10LLRj9GC0Ywg0LzQtdGB0Y/RhtC10LIg0LLQvNC10YHRgtC1Lg0K0J3Rgywg0YfRgtC+INC2LiDQrdGC0L4g0LHRi9C7INGB0LDQvNGL0Lkg0LTQu9C40YLQtdC70YzQvdGL0Lkg0L7Qv9GL0YIg0L7RgtC90L7RiNC10L3QuNC5Lg0K0KEg0LTRgNGD0LPQvtC5INGB0YLQvtGA0L7QvdGLLCDQvdC10LvRjNC30Y8g0LbQtSDQt9Cw0YHRgtCw0LLQuNGC0Ywg0YfQtdC70L7QstC10LrQsCDRgtC10LHRjyDQu9GO0LHQuNGC0Yw/INCd0LXRhdC+0YDQvtGI0L4sINC4INC10YHQu9C4INC+0L0g0YEg0YLQvtCx0L7QuSDQuNC3LdC30LAg0LbQsNC70L7RgdGC0Lgg0LjQu9C4INGH0LXQs9C+LdGC0L4g0LTRgNGD0LPQvtCz0L4uDQrQkdGD0LTRgyDQvtC00L3QsC4g0J/QvtGH0LXQvNGDINC90LXRgj8NCtCR0YPQtNGDINGA0LDQt9Cy0LjQstCw0YLRjNGB0Y8uDQrQkdGD0LTRgyDQttC40YLRjC4NCtCd0LUg0LTRg9C80LDRgtGMINC+0LEg0L7RgtC90L7RiNC10L3QuNGP0YUuDQrQndC40LrQvtCz0L4g0L3QtSDQuNGB0LrQsNGC0YwuDQrQryDRgtC+0LbQtSDRgdC40LvRjNC90LDRjy4NCtCYINC30LDRgdC70YPQttC40LLQsNGOINGF0L7RgNC+0YjQtdCz0L4g0LzRg9C20YfQuNC90YMu"
"eventtime","2012-03-12 14:29:00"
"url","http://no-wisdom.livejournal.com/6081.html"
"userid","11071"
"itemid","22"
"event","0JTQsCwg0YMg0L3QsNGBINC20LUg0LXRgdGC0Ywg0L7QsdGJ0LjQtSDQtNGA0YPQt9GM0Y8uINCd0LUg0LTRgNGD0LfRjNGPINCyINC30L3QsNGH0LXQvdC40LggLSDQvtC00LjQvdCw0LrQvtCy0L4g0LHQu9C40LfQutC40LUg0LvRjtC00Lgg0LzQvdC1INC10LzRgywg0YEg0LrQvtGC0L7RgNGL0LzQuCDQvNGLINC+0LTQuNC90LDQutC+0LLQviDRh9Cw0YHRgtC+INC/0YDQvtCy0L7QtNC40Lwg0LLRgNC10LzRjy4g0J3QtdGCLCDQuiDRgdGH0LDRgdGC0YzRji4g0JLRgdC10LPQviDQu9C40YjRjCAmcXVvdDvQvtCx0YnQuNC1INC00YDRg9C30YzRjyZxdW90OyDQsiDRgdC+0YbQuNCw0LvRjNC90L7QuSDRgdC10YLQuC4g0JLRi9C70L7QttC40LvQuCDRhNC+0YLQvtCz0YDQsNGE0LjQuC4g0J3QtdC00LXQu9GOINC90LDQt9Cw0LQg0LHRi9C70Lgg0YEg0L3QuNC8INCyINCd0L7QstCz0L7RgNC+0LTQtS4g0J7QvSDQvdC10LzQvdC+0LPQviDQv9C+0YXRg9C00LXQstGI0LjQuSwg0LLRi9Cz0LvRj9C00LjRgiDQstC/0L7Qu9C90LUg0LTQvtCy0L7Qu9GM0L3Ri9C8INC20LjQt9C90YzRji4gJnF1b3Q70J3QviDQutCw0Log0YLRiyDQvdC1INCy0LjQtNC40YjRjCwg0YfRgtC+INGPINC00L7Qs9C+0YDQsNGOPyDQndC+INC60LDQuiDRgtGLINC90LUg0LzQvtC20LXRiNGMINC/0L7QvdGP0YLRjCwg0YfRgtC+INC80L3QtSDQvdC10LrRg9C00LAg0LTQtdGC0YzRgdGPPyZxdW90Oy4g0JIg0YLQtSDQtNC90Lgg0LrQsNC6INGA0LDQtyDQvdCw0YfQsNC70LDRgdGMINC80L7RjyDQu9C+0LzQutCwLiDQnNC+0LbQtdGCLCDRjdGC0L4g0LfQvdCw0Lo/INCQINC+0L0g0YPQttC1INC/0LXRgNC10LPQvtGA0LXQuyDQuCDQvtGB0YLRi9C7PyDQryDRgtC+0LbQtSDQvdC1INGB0LjQtNC10LvQsCDQtNC+0LzQsC4g0KHRhdC+0LTQuNC70LAg0LIg0YLQtdCw0YLRgCDQsiDRgtGDINGB0YPQsdCx0L7RgtGDLCDQutC+0LPQtNCwINC+0L0g0LHRi9C7INCyINCd0L7QstCz0L7RgNC+0LTQtS4g0K8g0L3QuNC60L7Qs9C00LAg0L3QtSDQv9C+0LrQsNC30YvQstCw0Y4g0YHQstC+0LjRhSDQv9C10YDQtdC20LjQstCw0L3QuNC5INC90LAg0LvRjtC00Y/RhS4g0J3QviDRgtGD0YIg0LzQvtGPINC/0L7QtNGA0YPQs9CwICjQsdC70LjQt9C60LDRjywg0LrQvtC90LXRh9C90L4pINC30LDQvNC10YLQuNC70LAsINGH0YLQviDRjyDQvdC1INCyINC/0L7RgNGP0LTQutC1LiDQo9C00LjQstC40YLQtdC70YzQvdC+LiDQndCwINGB0LvQtdC00YPRjtGJ0LjQuSDQtNC10L3RjCDRjyDRgtC+0LbQtSDQvdC1INGB0LjQtNC10LvQsCDQtNC+0LzQsCDQuCDRgtC+0LbQtSDQtNGD0LzQsNC70LAg0YbQtdC70YvQuSDQtNC10L3RjCDQviDQvdC10LwuINCh0LXQtNGM0LzQvtCz0L4g0LzQsNGA0YLQsCDQvdCw0YEg0L/QvtC30LTRgNCw0LLQu9GP0LvQuCDQvNGD0LbRh9C40L3RiyDRgSDRgNCw0LHQvtGC0YssINC/0LXQu9C4INC/0LXRgdC90LgsINC4INC80L3QtSDRhdC+0YLQtdC70L7RgdGMINC/0LvQsNC60LDRgtGMLCDRhdC+0YLRjyDQv9C10YHQvdC4INCx0YvQu9C4INCy0L7QstGB0LUg0L3QtSDQs9GA0YPRgdGC0L3Ri9C1LiDQryDQtNGD0LzQsNC70LAg0L4g0L3QtdC8LiDQktC10YfQtdGA0L7QvCDQvNGLINC/0L7RiNC70Lgg0LIg0LrQu9GD0LEg0L3QsCDQutC+0L3RhtC10YDRgiwg0LPQtNC1INGPINC90LXQvNC90L7Qs9C+INC+0YLQstC70LXQutC70LDRgdGMLiDQkCDQvdC+0YfRjNGOLCDQsiDQs9C+0YHRgtGP0YUg0YMg0L/QvtC00YDRg9Cz0LgsINGPINCz0L7QstC+0YDQuNC70LAg0Lgg0LTRg9C80LDQu9CwINC+INC90LXQvC4g0K8g0L3QuNC60L7Qs9C00LAg0L3QtSDQv9GA0LXQtNGB0YLQsNCy0LvRj9C70LAsINGH0YLQviDQsdGD0LTRgyDRgtCw0LrQvtC5LiDQnNC10L3RjyDRg9C00LjQstC70Y/Qu9C4INGC0LDQutC40LUg0LTQtdCy0L7Rh9C60LgsINGPINC00YPQvNCw0LvQsCwg0YfRgtC+INGB0LDQvNCwINC90LUg0YHQv9C+0YHQvtCx0L3QsCDQvdCwINGC0LDQutC+0LUuINCjINC90LDRgSDQsdGL0LvQsCDQt9C90LDQutC+0LzQsNGPLCDRh9Cw0YHQsNC80Lgg0YHQv9C+0YHQvtCx0L3QsNGPINCz0L7QstC+0YDQuNGC0Ywg0L4g0LzRg9C20YfQuNC90LDRhSwg0YfRg9Cy0YHRgtCy0LDRhSwg0L3QtdGA0LDQt9C00LXQu9C10L3QvdC+0Lkg0LvRjtCx0LLQuC4g0JzRiyDRgdC70LXQs9C60LAg0L/QvtC00YHQvNC10LjQstCw0LvQuNGB0Ywg0L3QsNC0INC90LXQuS4g0JAg0YHQtdC50YfQsNGBLCDQutCw0LbQtdGC0YHRjyDRjyDRgtC+0LbQtSDRgdGC0LDQvdC+0LLQu9GO0YHRjCBhZGRpY3RlZC4NCtCS0L7RgdGM0LzQvtCz0L4g0Y8g0LHRi9C70LAg0L3QsCDQutC+0L3RhtC10YDRgtC1INC+0YDQs9Cw0L3QvdC+0Lkg0LzRg9C30YvQutC4INC4INC00YPQvNCw0LvQsCDQviDQvdC10LwuINCe0L0g0LbQtSDQtdGJ0LUg0L/RgNC40YHQu9Cw0Lsg0YHQvNGBINGBINC/0L7Qt9C00YDQsNCy0LvQtdC90LjQtdC8INC4INC/0L7QttC10LvQsNC90LjQtdC8INGB0YfQsNGB0YLRjNGPLiDQndC+0LYg0LIg0YHQtdGA0LTRhtC1LiDQndC1INGB0LzQvtCz0LvQsCDQtNCw0LbQtSDQvtGC0LLQtdGC0LjRgtGMLg0K0JTQtdCy0Y/RgtC+0LPQviDRgdGC0LDRgNCw0LvQsNGB0Ywg0LHQtdC20LDRgtGMINC+0YIg0LzRi9GB0LvQtdC5LCDQv9C40LvQsCDQutC+0LrRgtC10LnQu9C4INGBINCaLiDQndC+INC00YPQvNCw0LvQsCAo0Lgg0L7Qv9GP0YLRjCDQs9C+0LLQvtGA0LjQu9CwLCDQsdC+0LbQtSwg0LzQtdC90Y8g0LLQvtC30L3QtdC90LDQstC40LTRj9GCINCy0YHQtSDQv9C+0LTRgNGD0LPQuCwg0L3QsNCy0LXRgNC90L4pINC+INC90LXQvC4g0JLQtdGH0LXRgNC+0Lwg0LHRi9C70LAg0LIg0LrQu9GD0LHQtSDQuCDQvdC1INC00YPQvNCw0LvQsCDQviDQvdC10LwsINGN0YLQviDQv9GA0LDQstC00LAuINCd0L4g0Log0YLQvtC80YMg0LLRgNC10LzQtdC90Lgg0Y8g0YPQttC1INCx0YvQu9CwINGB0LvQuNGI0LrQvtC8INC/0YzRj9C90LAuINCb0YPRh9GI0LUg0LHRiyDQtNGD0LzQsNC70LAuDQrQlNC10YHRj9GC0L7Qs9C+INGPINC/0L7QvdGP0LvQsCwg0YfRgtC+INC80L3QtSDQvdC1INC90YPQttC10L0g0L3QuCDQvtC00LjQvSDQvNGD0LbRh9C40L3QsCwg0LrRgNC+0LzQtSDQvdC10LPQvi4g0Jgg0YTQuNC30LjRh9C10YHQutC4INC80L3QtSDRgdGC0LDQu9C+INGC0Y/QttC10LvQviDQtNGL0YjQsNGC0Ywg0LHQtdC3INC90LXQs9C+Lg0K0KHQuNC00Y8g0LfQsCDRgdGC0L7Qu9C40LrQvtC8INCyINC40YLQsNC70YzRj9C90YHQutC+0Lwg0LrQsNGE0LUsINGPINC90LDQv9C40YHQsNC70LAg0LXQvNGDINGB0LzRgS4g0KXQvtGC0Y8g0L3QtSDRgdC+0LHQuNGA0LDQu9Cw0YHRjCDRjdGC0L7Qs9C+INC00LXQu9Cw0YLRjCwg0YHQvtCy0YHQtdC8INC90LUg0YHQvtCx0LjRgNCw0LvQsNGB0YwuINCd0L4g0L3QtSDQsdGL0LvQviDRgdC40LsuINCe0L0g0L3QtSDQvtGC0LLQtdGC0LjQuy4g0JAg0Y8g0YLQsNC6INC4INC10YXQsNC70LAg0LTQvtC80L7QuSwg0YHQttC40LzQsNGPINCyINGA0YPQutCw0YUg0LrRgNC+0YjQtdGH0L3Ri9C5ICZxdW90O9GB0LDQvNGB0YPQvdCzJnF1b3Q7LiDQmtCw0LbQtdGC0YHRjywg0Y8g0LTQtdGA0LbQsNC70LAg0LXQs9C+INGC0LDQuiDQtNC+INGB0LDQvNC+0Lkg0L3QvtGH0LguDQrQkdC+0LbQtSDQvNC+0LksINC90LXRg9C20LXQu9C4INGN0YLQuCDRg9C20LDRgdC90YvQtSDQstC10YnQuCwg0LrQsNC6INC40Lcg0LTQtdGI0LXQstC+0LPQviDRgNC+0LzQsNC90LAg0LjQu9C4INC90LXRg9C80L3QvtCz0L4g0LrQuNC90L4sINC/0LjRiNGDINGPIC0g0L7QsdGA0LDQt9C10YYg0YHQtNC10YDQttCw0L3QvdC+0YHRgtC4LCDRgdC/0L7QutC+0LnRgdGC0LLQuNGPLCDQutC+0L3RgtGA0L7Qu9GPINC90LDQtCDRjdC80L7RhtC40Y/QvNC4PyDQryDQvdC1INC80L7Qs9GDLCDQvdC1INGF0LLQsNGC0LDQtdGCINGB0LjQuy4NCtCh0LXQs9C+0LTQvdGPINC00LLQtdC90LDQtNGG0LDRgtC+0LUuINCYINGPINGB0LTQtdGA0LbQuNCy0LDRjtGB0Ywg0LjQt9C+INCy0YHQtdGFINGB0LjQuywg0YfRgtC+0LHRiyDQvdC1INC90LDQv9C40YHQsNGC0Ywg0LXQvNGDINC+0L/Rj9GC0YwuINCd0LXRgiwg0L3QtdC70YzQt9GPLiDQndC10LvRjNC30Y8/"
"eventtime","2012-03-12 10:51:00"
"url","http://no-wisdom.livejournal.com/5846.html"
"userid","11071"
"itemid","21"
"event","0JAg0LLQvtC30LzQvtC20L3QviDQv9C+0L3Rj9GC0YwsINC60LDQuiDRgdC40LvRjNC90L4g0LvRjtCx0LjRiNGMINGH0LXQu9C+0LLQtdC60LAsINGD0LbQtSA8aT7Qv9C+0YHQu9C1PC9pPiDQvtC60L7QvdGH0LDQvdC40Y8g0L7RgtC90L7RiNC10L3QuNC5PyDQndC10YIsINC60L7QvdC10YfQvdC+LCDRjyDQstGB0LXQs9C00LAg0YXQvtGC0LXQu9CwINCx0YvRgtGMINGBINC90LjQvCwg0Y8g0LHRi9C70LAg0YEg0L3QuNC8LCDRjyDQvdCw0YHQu9Cw0LbQtNCw0LvQsNGB0Ywg0L/RgNC+0LLQtdC00LXQvdC90YvQvCDQstGA0LXQvNC10L3QtdC8LCDRjyDQuNGB0L/Ri9GC0YvQstCw0LvQsCDQuiDQvdC10LzRgyDQvdC10LbQvdC+0YHRgtGMLiDQndC+Li4u0KLQvtC70YzQutC+IDxpPtGB0LXQudGH0LDRgSA8L2k+0Y8g0YfRg9Cy0YHRgtCy0YPRjiwg0YfRgtC+INC90LUg0LzQvtCz0YMg0LHQtdC3INC90LXQs9C+INC20LjRgtGMLiDQp9GC0L4g0L3Rg9C20LXQvSDQvNC90LUg0YLQvtC70YzQutC+IDxpPtC+0L08L2k+LiDQntC9LiDQmCDQvdC40LrQsNC60LjRhSDRgdC+0LzQvdC10L3QuNC5Lg0K0KHQvdCw0YfQsNC70LAg0Y3RgtC+0LPQviDQvdC1INCx0YvQu9C+LiDQlNCwLCDRjyDQsdGL0LvQsCDRgNCw0YHRgdGC0YDQvtC10L3QsCDQvdCw0YjQuNC8INGA0LDQt9GA0YvQstC+0LwgKNCy0YDQtdC80LXQvdC90YvQvCDQsdGD0LTRgtC+LCDQvdC+IDxpPtCy0YDQtdC80LXQvdC90YvQvDwvaT4g0LvQuD8pLCDRjyDQv9GA0L7QutGA0YPRh9C40LLQsNC70LAg0LIg0LPQvtC70L7QstC1INGA0LDQt9Cz0L7QstC+0YDRiywg0L7QsdC40LTRiywg0L/RgNC10YLQtdC90LfQuNC4LiDQnNC90LUg0LrQsNC30LDQu9C+0YHRjCwg0YfRgtC+INC+0L0g0L3QtSDQv9GA0LDQsiwg0YfRgtC+INGN0YLQviDQstGB0ZEg0L7QtNC90LAg0LHQvtC70YzRiNCw0Y8g0L7RiNC40LHQutCwLCDQvdC10LTQvtGA0LDQt9GD0LzQtdC90LjQtSwg0L/RgNC+0Y/QstC70LXQvdC40LUg0LXQs9C+INC/0LXRgNC10LzQtdC90YfQuNCy0L7QuSDQvdCw0YLRg9GA0YssINCy0LfQsdCw0LvQvNC+0YjQvdC+0YHRgtGMLiDQotC+0LPQtNCwINGPINCx0L7Qu9GM0YjQtSDQvdC40YfQtdCz0L4g0L3QtSDRh9GD0LLRgdGC0LLQvtCy0LDQu9CwLiDQrdGC0LAg0L/QsNGD0LfQsCDQvdC1INC60LDQt9Cw0LvQsNGB0Ywg0LzQvdC1INC80L7RgNCw0LvRjNC90L4g0YLRj9C20LXQu9C+0Lkg0YHQvdCw0YfQsNC70LAuINCSINC/0L7QvdC10LTQtdC70YzQvdC40LosIDIwINGE0LXQstGA0LDQu9GPLCDRjyDRgdC40LTQtdC70LAg0YMg0JAuINC4INC90LAg0LLRgdC1INC10LUg0YDQsNGB0L/RgNC+0YHRiyDQv9C+0LLRgtC+0YDRj9C70LA6ICZxdW90O9CU0LAg0Y8g0LIg0L/QvtGA0Y/QtNC60LUmcXVvdDsuINCYINGN0YLQviDQsdGL0LvQviDQtNC10LnRgdGC0LLQuNGC0LXQu9GM0L3QviDRgtCw0LouINCf0L7RgtC+0Lwg0LLRgdGRINC90LDRh9Cw0LvQviDQvNC10L3Rj9GC0YzRgdGPLi4uDQrQldC00LLQsCDQt9Cw0LzQtdGC0L3Qviwg0L/QviDQutGD0YHQvtGH0LrRgywg0L/QviDQs9GA0LDQvNC80YMsINC/0L4g0LrQsNC/0LvQtSDRgNC+0LbQtNCw0LvQvtGB0Ywg0YLQviDQsdC10YHQv9C+0LrQvtGP0YnQtdC1INGH0YPQstGB0YLQstC+LCDRgtGA0LXQstC+0LbQvdC+0LUsINC00LDQstGP0YnQtdC1LiDQntC90L4g0L3QsNGH0LDQu9C+0YHRjCDRgSDRgtC+0LPQviwg0YfRgtC+INGPINGB0YLQsNC70LAg0L/QvtGB0YLQvtGP0L3QvdC+INC00YPQvNCw0YLRjCDQviDQvdC10LwuINCvINC90LUg0YXQvtGC0LXQu9CwINGN0YLQvtCz0L4sINC90L4g0L7QvSDQstGC0L7RgNCz0LDQu9GB0Y8g0LLQviDQstGB0LUg0LzQvtC4INC80YvRgdC70Lgg0Lgg0LTQtdC70LAuINCvINGB0LzQvtGC0YDRjiDRgdC/0LXQutGC0LDQutC70YwsINCwINC00YPQvNCw0Y4g0L4g0L3QtdC8LiDQryDRgdC40LbRgyDQvdCwINC30LDQvdGP0YLQuNC4LCDQsCDQtNGD0LzQsNGOINC+INC90LXQvC4g0JTQsCwg0L3QsNGH0LDQu9C+0YHRjCDQstGB0ZEg0YEg0LDQstGC0L7RiNC60L7Qu9GLLiDQndC+INGC0L7Qs9C00LAg0Y8g0L7RgtC80LDRhdC90YPQu9Cw0YHRjCDQvtGCINGN0YLQvtCz0L4uINCQINGH0YPQstGB0YLQstC+INC90LDRgNCw0YHRgtCw0LvQviDQuCDQutGA0LXQv9C70L4uINCvINC+0LHRidCw0Y7RgdGMINGBINGH0LXQu9C+0LLQtdC60L7QvCDQt9CwINGB0YLQvtC70LjQutC+0Lwg0LIg0LrQsNGE0LUsINCwINC00YPQvNCw0Y4g0L4g0L3QtdC8LiDQldC00YMg0LIg0LDQstGC0L7QsdGD0YHQtS4g0KHQuNC20YMg0LIg0L7RhNC40YHQtS4g0Jgg0L3QuNC60YPQtNCwLCDQvdC40LrRg9C00LAg0L3QtSDQtNC10YLRjNGB0Y8g0L7RgiDRjdGC0LjRhSDQvNGL0YHQu9C10LkuINCe0YIg0Y3RgtC+0Lkg0YLQvtGB0LrQuC4NCtCh0LrQvtC70YzQutC+INC/0YDQvtGI0LvQvj8g0KLRgNC4INC90LXQtNC10LvQuCDQuCDQtNCy0LAg0LTQvdGPLiDQkCDRgyDQvNC10L3RjyDRg9C20LUg0L3QtdGCINGB0LjQuy4g0K3RgtC4INC80YvRgdC70Lgg0L3QtSDQvtGC0L/Rg9GB0LrQsNGO0YIg0LzQtdC90Y8g0LHQvtC70YzRiNC1LiDQmCDQvNC90LUg0YHRgtC+0LjRgiDQsdC+0LvRjNGI0LjRhSDRg9GB0LjQu9C40Lkg0YHQutGA0YvQstCw0YLRjCDQvtGCINC00YDRg9Cz0LjRhSwg0YfRgtC+INC/0YDQvtC40YHRhdC+0LTQuNGCINGB0L4g0LzQvdC+0LkuDQrQndC+INGPINC10YnQtSDQtNC10YDQttGD0YHRjC4g0JLQviDQvNC90LUg0LXRidC1INC10YHRgtGMINC90LDQtNC10LbQtNCwLCDRh9GC0L4sINC60LDQuiDQsiDQutC90LjQs9C1INGB0L4g0YHRh9Cw0YHRgtC70LjQstGL0Lwg0YTQuNC90LDQu9C+0LwsINGDINC90LDRgSDRgtC+0LbQtSDQstGB0ZEg0LfQsNC60L7QvdGH0LjRgtGB0Y8g0YXQvtGA0L7RiNC+LiDQmCDRjdGC0L4g0L/QvtC60LAg0L/QvtC30LLQvtC70Y/QtdGCINC80L3QtSDQvtCx0YnQsNGC0YzRgdGPLCDRgNCw0LHQvtGC0LDRgtGMLCDQuNC90YLQtdGA0LXRgdC+0LLQsNGC0YzRgdGPINC+0LrRgNGD0LbQsNGO0YnQuNC8INC80LjRgNC+0LwuIDxpPtCd0L4gLSDQtdGB0LvQuCDQvdC40YfQtdCz0L4g0YPQttC1INC90LUg0LHRg9C00LXRgj88L2k+INCn0YLQviDRgtC+0LPQtNCwPyDQnNC90LUg0YHRgtGA0LDRiNC90L4g0L/RgNC10LTRgdGC0LDQstC40YLRjC4NCtCeLCDQutCw0Log0YLRiyDQvNC90LUg0L3Rg9C20LXQvS4uLtC60LDQuiA8aT7RgdC40LvRjNC90L48L2k+INGC0Ysg0LzQvdC1INC90YPQttC10L0uINCi0Ysg0LLQtdC00Ywg0L3QtSDQvNC+0LbQtdGI0Ywg0Y3RgtC+0LPQviDQvdC1INGH0YPQstGB0YLQstC+0LLQsNGC0Yw/INCvINC+0YfQtdC90Ywg0YLQtdCx0Y8g0LvRjtCx0LvRji4g0Jgg0LzQvdC1INC+0YfQtdC90Ywg0L/Qu9C+0YXQviDRgdC10LnRh9Cw0YEuINCvINCyINGB0L/Qu9C+0YjQvdC+0Lkg0YLRjNC80LUuINCYINCx0L7RgNC+0YLRjNGB0Y8g0YEg0L3QtdC5INC90LXRgiDRgdC40Lsu"
"eventtime","2012-03-11 14:29:00"
"url","http://no-wisdom.livejournal.com/5572.html"
"userid","11071"
"itemid","20"
"event","0JTQsCwg0LLQvtGCINC+0L3QsCAtINCy0LfRgNC+0YHQu9Cw0Y8g0LbQuNC30L3RjC4NCtCi0Ysg0LzQvtC20LXRiNGMINC60YPQv9C40YLRjCDRgdC10LHQtSDRgtGD0YjRjCBFc3RlZSBMYXVkZXIg0Lgg0LrRgNC10LwgVmljaHkuDQrQotGLINC80L7QttC10YjRjCDQt9Cw0LrQsNC30LDRgtGMINCyINC60LDRhNC1INCy0YLQvtGA0L7QtSDQsdC70Y7QtNC+LCDQvdC10YHQutC+0LvRjNC60L4g0LrQvtC60YLQtdC50LvQtdC5INC4INC60L7RhNC1INGBINC00LXRgdC10YDRgtC+0LwuDQrQotGLINC10LfQtNC40YjRjCDQtNC+INCx0LvQuNC20LDQudGI0LXQuSDRgdGC0LDQvdGG0LjQuCDQvNC10YLRgNC+INC90LAg0LzQsNGA0YjRgNGD0YLQutC1LCDQuNCz0L3QvtGA0LjRgNGD0Y8g0LPQvtGA0L7QtNGB0LrQuNC1LCDQvdCw0LHQuNGC0YvQtSDQv9C10L3RgdC40L7QvdC10YDQsNC80LgsINCw0LLRgtC+0LHRg9GB0YsuDQrQotGLINGC0LXQvtGA0LXRgtC40YfQtdGB0LrQuCDQvNC+0LbQtdGI0Ywg0L/QvtC10YXQsNGC0Ywg0LrRg9C00LAt0L3QuNCx0YPQtNGMINCyINC+0YLQv9GD0YHQui4g0Jgg0LTQsNC20LUgLSDQsiDQt9Cw0YDRg9Cx0LXQttC90YvQtSDRgdGC0YDQsNC90YsuDQrQotGLINC80L7QttC10YjRjCDQtNC10LvQsNGC0Ywg0LHQu9C40LfQutC40Lwg0LvRjtC00Y/QvCDQv9C+0LTQsNGA0LrQuCwg0LrQsNC60LjQtSDQt9Cw0YXQvtGH0LXRiNGMLg0K0KLRiyDQvNC+0LbQtdGI0Ywg0YXQvtC00LjRgtGMINC90LAg0LrQvtC90YbQtdGA0YLRiyDQu9GO0LHRi9GFINCz0YDRg9C/0L8g0Lgg0L3QsCDQu9GO0LHRi9C1INGB0L/QtdC60YLQsNC60LvQuC4NCtCi0LXQsdC1INC90LUg0L3Rg9C20L3QviDQsdC+0LvRjNGI0LUg0L/RgNC+0YHQuNGC0Ywg0LTQtdC90YzQs9C4INC90LAg0LrQsNGA0LzQsNC90L3Ri9C1INGA0LDRgdGF0L7QtNGLINGDINC80LDQvNGLLg0K0KLQstC+0Lgg0LHRg9C00L3QuCDRgdGC0LDQu9C4INC/0L7QtNC+0LfRgNC40YLQtdC70YzQvdC+INC+0LTQuNC90LDQutC+0LLRiyDQuCDQstC80LXRidCw0Y7RgiDQsiDRgdC10LHRjyDQv9GA0L7RgdGC0YDQsNC90YHRgtCy0L4g0YEgOSDQtNC+IDE40YcuDQoNCtCi0Ysg0LrRg9C/0LjQu9CwINGB0LXQsdC1INGB0LDQvNCwLCDQstGB0ZEsINGH0YLQviDRhdC+0YLQtdC70LAg0LrRg9C/0LjRgtGMLg0K0Jgg0L/RgNC4INGN0YLQvtC8Li4uDQoNCi0g0YLQstC+0LUg0YHQtdGA0LTRhtC1INGA0LDQt9Cx0LjRgtC+ICjQuCwg0LrQsNC20LXRgtGB0Y8sINCyINGN0YLQvtC8INCy0LjQvdC+0LLQsNGC0LAg0YLRiyDRgdCw0LzQsCkNCi0g0YLQstC+0Y8g0YHQsNC80L7QvtGG0LXQvdC60LAg0L3QsCDQvdGD0LvQtSAo0LAg0LLQtdC00Ywg0LIgMTkg0LvQtdGCLCDQsdC10Lcg0LrQvtC/0LXQudC60Lgg0YHQvtCx0YHRgtCy0LXQvdC90YvRhSDQtNC10L3QtdCzINC4INGBIDYwINC60LMg0YfQuNGB0YLQvtCz0L4g0LLQtdGB0LAg0YLRiyDQutCw0LfQsNC70LDRgdGMINGB0LXQsdC1INC60L7RgNC+0LvQtdCy0L7QuSkNCi0g0YLRiyDQvtGJ0YPRidCw0LXRiNGMINGB0LXQsdGPINCx0LXQt9C00LDRgNC90L7RgdGC0YzRjiDQuCDQv9C+0YHQu9C10LTQvdC40Lwg0YfQtdC70L7QstC10LrQvtC8LCDQs9C+0LTQvdGL0Lwg0L3QsCDQuNC90YLQtdC70LvQtdC60YLRg9Cw0LvRjNC90YPRjiDQtNC10Y/RgtC10LvRjNC90L7RgdGC0YwgKNCwINCy0LXQtNGMINCyINGI0LrQvtC70LUg0LHRi9C70LAg0LfQvtC70L7RgtCw0Y8g0LzQtdC00LDQu9GMLCDQsCDQsiDQv9C+0YHQu9C10LTQvdC10Lwg0LzQsNCz0LjRgdGC0LXRgNGB0LrQvtC8INC00LjQv9C70L7QvNC1INCy0YHQtdCz0L4g0L7QtNC90LAgJnF1b3Q70YfQtdGC0LLQtdGA0LrQsCZxdW90OykNCg0K0J3Rgywg0Lgg0Log0YfQtdGA0YLRgyZuYnNwOyDRgtCw0LrQsNGPINCy0LfRgNC+0YHQu9Cw0Y8g0LbQuNC30L3RjCwg0YHQutCw0LbQuNGC0LUg0LzQvdC1Pz8="
"eventtime","2012-03-06 18:18:00"
"url","http://no-wisdom.livejournal.com/5298.html"
"userid","11071"
"itemid","19"
"event","0J/RgNC+0YjQu9C+INC00LLQtSDQvdC10LTQtdC70LguINCU0LLQtSDQvdC10LTQtdC70Lgg0Lgg0YLRgNC4INC00L3RjyDRgSDRgtC10YUg0L/QvtGALCDQutCw0Log0LzRiyDQsdC+0LvRjNGI0LUg0L3QtSDQstC80LXRgdGC0LUuDQrQkCDQu9C10LLQsNGPINGB0YLQvtGA0L7QvdCwINC+0YnRg9GJ0LDRgtGM0YHRjyDRgdGC0LDQu9CwINGB0LjQu9GM0L3QtdC1LiDQmCDQv9C+0YHRgtC+0Y/QvdC90L4uINCSINC/0Y/RgtC90LjRhtGDINC90LAg0LfQsNC90Y/RgtC40Y/RhSDQsiDQsNCy0YLQvtGI0LrQvtC70LUuINCa0L7Qs9C00LAg0LLRgdC/0L7QvNC40L3QsNC70LAg0L/QvtC10LfQtNC60Lgg0YEg0L3QuNC8LCDQsiDQtdCz0L4g0LzQsNGI0LjQvdC1LCDQtdCz0L4g0YDQsNGB0YHQutCw0LfRiyDQviDQstC+0LbQtNC10L3QuNC4LCDQviDQv9GA0LDQstC40LvQsNGFLiDQntC9INCy0YHQtdCz0LTQsCDQvtGH0LXQvdGMINCw0LrQutGD0YDQsNGC0L3QviDQstC+0LTQuNGCLiDQntGH0LXQvdGMLiDQmCDQv9GA0L7Qv9GD0YHQutCw0LXRgiDQv9C10YjQtdGF0L7QtNC+0LIuINCS0YHQtdGFINC4INCy0YHQtdCz0LTQsC4g0JgsINC60L7QvdC10YfQvdC+LCDQvNCw0YjQuNC90LAg0L/QvtGB0YLQvtGP0L3QvdC+INCx0YvQu9CwINCyINC90LDRiNC40YUg0L7RgtC90L7RiNC10L3QuNGP0YUuINCe0LHRgdGD0LbQtNCw0LXQvNCwINC4Jm5ic3A7INCy0LDQttC90LAuDQrQkCDQv9C+0YLQvtC8INGF0L7QtNC40LvQsCDQvdCwINGB0L/QtdC60YLQsNC60LvRjC4g0J/QvtCy0YLQvtGA0LjQu9Cw0YHRjCDRgdC40YLRg9Cw0YbQuNGPINGH0LXRgtGL0YDQtdGF0LvQtdGC0L3QtdC5INC00LDQstC90L7RgdGC0LguINCa0L7Qs9C00LAg0YHQvNC+0YLRgNC10LvQsCDQvtC00L3QviAo0YLQvtCz0LTQsCDRjdGC0L4g0LHRi9C7INGF0L7RgNC+0YjQuNC5INGE0LjQu9GM0LwgJnF1b3Q70J/RgNC+0LPRg9C70LrQsCZxdW90OyDQkNC70LXQutGB0LXRjyDQo9GH0LjRgtC10LvRjyksINCwINC00YPQvNCw0LvQsCDQviDQtNGA0YPQs9C+0LwgLSDRgdCy0L7RkdC8LiDQotC+0LvRjNC60L4g0L4g0YHQstC+0ZHQvC4g0KLQsNC6INC4INGB0LXQudGH0LDRgS4g0JLRgdGRIC0g0LggJnF1b3Q70J7QtNC40L3QvtGH0LXRgdGC0LLQviDQsiDRgdC10YLQuCZxdW90Oywg0LggJnF1b3Q70KLRgNC40YPQvNGE0LDQu9GM0L3QsNGPINCw0YDQutCwJnF1b3Q7INCg0LXQvNCw0YDQutCwIC0g0LLRgdGRINCz0L7QstC+0YDQuNGCINGB0L4g0LzQvdC+0Lkg0L7QsSDQvtC00L3QvtC8IC0g0L4g0LzQvtGR0LwuINCYINGN0YLQviDQstGB0ZEg0YHQuNC70YzQvdC10LUg0YEg0LrQsNC20LTRi9C5INC00L3RkdC8Lg0K0JAg0LLRh9C10YDQsCDRgNCw0LfQs9C+0YDQtdC70L7RgdGMINGBINC+0LPRgNC+0LzQvdC+0Lkg0YHQuNC70L7QuSDQvtC/0Y/RgtGMLiDQndC1INC30L3QsNGOLCDQvdC1INC30L3QsNGOLCDQvdC1INC30L3QsNGOLiDQktGB0ZEg0Lgg0LLQtdC30LTQtSDQvdCw0L/QvtC80LjQvdCw0LXRgiDQvNC90LUg0L4g0L3QtdC8LiDQlNCw0LbQtSDRh9GR0YDRgtC+0LLQsCDRgNC10LrQu9Cw0LzQsCDQttC10LLQsNGC0LXQu9GM0L3QvtC5INGA0LXQt9C40L3QutC4INGBINGB0LDRg9C90LTRgtGA0LXQutC+0Lwg0LjQtyDRgdC10YDQuNCw0LvQsCAmcXVvdDvQmtC70LjQvdC40LrQsCZxdW90Oy4g0K3RgtCwINC80LXQu9C+0LTQuNGPINGB0YLQvtGP0LvQsCDQvdCwINC90LXQvCDQsiDQvNC+0LXQvCDRgtC10LvQtdGE0L7QvdC1Li4uDQrQntGF0L7RhdC+0YUuLi4g0JLQtdC00Ywg0LHRi9C70L4g0YHRgtC+0LvRjNC60L4g0L/RgNC10YLQtdC90LfQuNC5LCDRgdGC0L7Qu9GM0LrQviDQvdC10LTQvtCy0L7Qu9GM0YHRgtCy0LAuINCYINC60YPQtNCwINCy0YHRkSDQtNC10LvQvtGB0Yw/INCa0YPQtNCwPw0K0JAg0YLQtdC/0LXRgNGMINGN0YLQviDRh9GD0LLRgdGC0LLQviDQsiDQs9GA0YPQtNC4LCDRgtGP0LbQtdC70L7QtSwg0YnQtdC80Y/RidC10LUsINGB0LTQsNCy0LvQuNCy0LDRjtGJ0LXQtS4NCtCYINC90LUg0L/QvtC80L7Qs9Cw0LXRgiDQvdC40YfQtdCz0L4u"
"eventtime","2012-03-05 12:12:00"
"url","http://no-wisdom.livejournal.com/4910.html"
"userid","11071"
"itemid","18"
"event","0JfQsNCx0LDQstC90L4sINGH0YLQviDRjyDQvtGC0LrQvtC/0LDQu9CwINGN0YLQvtGCINC00L3QtdCy0L3QuNC6INGB0L/Rg9GB0YLRjyDRgdGC0L7Qu9GM0LrQviDQu9C10YIuLi48aT7RgdC60L7Qu9GM0LrQvj8g0YfQtdGC0YvRgNC1INCz0L7QtNCwPyDQv9GP0YLRjD8g0YbQtdC70LDRjyDQstC10YfQvdC+0YHRgtGMITwvaT48YnIgLz7QktGB0LUg0Y3RgtC4INCz0L7QtNGLINGPINC+0LHQuNGC0LDQu9CwINC90LAg0LTQvdC10LLQvdC40LrQsNGFINC00LjQtdGCLiDQotC+0LbQtSDRgdCy0L7QtdCx0YDQsNC30L3QvtC1INGF0L7QsdCx0LguINCf0YDQsNCy0LTQsCwg0LIg0L/QvtGB0LvQtdC00L3QtdC1INCy0YDQtdC80Y8g0Y8g0Log0L3QtdC80YMg0YHQu9C10LPQutCwINC+0YXQu9Cw0LTQtdC70LAuINCS0LXRh9C90L7QtSDQvNC10LvRjNC60LDQvdC40LUg0YbQuNGE0YAuIDUzLTU0IC0g0L3QvtGA0LzQsNC70YzQvdC+LiA1MS01MiAtINC20LXQu9Cw0LXQvNC+0LUuIDU1LTU2IC0g0YPQttC1INC10YHRgtGMLCDQutGD0LTQsCDRgdGC0YDQtdC80LjRgtGM0YHRjy4gNTgtNjAgLSDQv9C+0LvQvdGL0Lkg0LDRhdGC0YPQvdCzLCDQutGA0YPQs9C70YvQtSDRidC10LrQuCwg0LTQu9C40L3QvdGL0LUg0LzQtdGI0LrQvtCy0LDRgtGL0LUg0Y7QsdC60LgsINC90LXQu9GO0LHQvtCy0Ywg0Log0YHQtdCx0LUuINCe0YUsINGD0LYg0Y3RgtCwINC00LDQvdGMINC80L7QtNC1LiDQntGFLCDRg9C2INGN0YLQviDQstGB0ZEuINCf0L7RgdGC0L7Rj9C90L3QvtC1INC/0YDQvtGC0LjQstC+0YDQtdGH0LjQtSwg0L/QvtGB0YLQvtGP0L3QvdCw0Y8g0LHQsNC70LDQvdGB0LjRgNC+0LLQutCwIC0g0YLRg9C00LAt0YHRjtC00LAuINCh0LHRgNC+0YHQuNGC0Ywg0LfQsCDQvNC10YHRj9GGIDUg0LrQsywg0L3QsNCx0YDQsNGC0Ywg0LjRhSDQvtC/0Y/RgtGMLiDQktC10YnQuCA0MiDQuCA0NCDRgNCw0LfQvNC10YDQsC4g0JrQsNC20LXRgtGB0Y8sINGN0YLQviDQt9Cw0LzQtdGH0LDRjiDRgtC+0LvRjNC60L4g0Y8uINCR0LDQs9Cw0LYg0LfQvdCw0L3QuNC5INC+INC/0YDQsNCy0LjQu9GM0L3QvtC8INC/0LjRgtCw0L3QuNC4LCDQutCw0LvQvtGA0LjRj9GFLCDQv9GA0L7QtNGD0LrRgtCw0YUuINCX0L3QsNGOINCy0YHRkSwg0L3QviDQvdC40LrQvtCz0LTQsCDQvdC1INGB0LzQvtCz0LvQsCDQsdGLINGB0LXQsdGPINCy0L4g0LLRgdC10Lwg0L7Qs9GA0LDQvdC40YfQuNCy0LDRgtGMPGk+LiDQn9C+0Y3RgtC+0LzRgyDQuCDQvdC1INCy0LXRiNGDIDQ4INC60LMgLSDQstC10YEt0LzQtdGH0YLRiyDQstGB0LXRhSDQtNC10LLQvtGH0LXQuiDQvNC+0LXQs9C+INGA0L7RgdGC0LAuPC9pPjxiciAvPjxiciAvPtCvINC90LUg0LIg0LTQtdC/0YDQtdGB0YHQuNC4LiDQnNC+0LbQtdGCINCx0YvRgtGMLCDQvtGCINC80LXQvdGPINGN0YLQvtCz0L4g0LbQtNGD0YIuINCd0L4g0L3QtdGCLiDQnNC90LUg0L3QtSDRhdC+0YfQtdGC0YHRjyDQv9C70LDQutCw0YLRjCwg0L3QtSDRhdC+0YfQtdGC0YHRjyDQs9C+0LvQvtC00LDRgtGMINC40LvQuCDQvdCw0L7QsdC+0YDQvtGCINC+0LHRitC10LTQsNGC0YzRgdGPINC80L7RgNC+0LbQtdC90YvQvCDQuCDRiNC+0LrQvtC70LDQtNC60LDQvNC4LiDQndC1INGF0L7Rh9C10YLRgdGPINC90LDQv9C40YLRjNGB0Y8uINCd0LUg0YXQvtGH0LXRgtGB0Y8g0L3QvtCy0YvRhSDQvtGC0L3QvtGI0LXQvdC40LkuINCd0Lgt0YfQtS3Qs9C+INC90LUg0YXQvtGH0LXRgtGB0Y8uINCc0L7QttC10YIsINGN0YLQviDQuCDQtdGB0YLRjCDRgtGA0LXQstC+0LbQvdGL0Lkg0YHQuNC80L/RgtC+0Lw/PGJyIC8+"
"eventtime","2012-02-21 17:59:00"
"url","http://no-wisdom.livejournal.com/4615.html"
"userid","11071"
"itemid","17"
"event","0J4sINC60LDQutCw0Y8g0LvQvtC80LrQsCDQuCDQutCw0LrQsNGPINCx0LXQt9GL0YHRhdC+0LTQvdC+0YHRgtGMLiDQryDRgNCw0YHRgtCy0L7RgNGP0Y7RgdGMLCDQuCDQvdC1INC00LXQudGB0YLQstGD0LXRgiDQvdC40YfQtdCz0L4uINCf0L7Qu9C/0LDRh9C60Lgg0YHQuNCz0LDRgNC10YIsINCy0YvQutGD0YDQtdC90L3Ri9GFINCy0YfQtdGA0LAsINC/0L7QtNC90Y/Qu9C4INC80L7RkSDQs9C40L/QvtGC0L7QvdC40YfQtdGB0LrQvtC1INC00LDQstC70LXQvdC40LUg0Lgg0LfQsNC80LXQtNC70LjQu9C4INGB0LXRgNC00YbQtdCx0LjQtdC90LjQtS4g0Jgg0LLRgdGRLiA8aT7QryDRhdC+0YfRgyDRhtC10LvQvtCy0LDRgtGMINC10LPQvi4gPC9pPjxiciAvPtCd0LUg0YHQv9Cw0YLRjCDQtNC+IDUg0YPRgtGA0LAuINCa0LjQvdC+LCA0INGB0LXRgNC40LggJnF1b3Q7U2V4IGFuZCB0aGUgY2l0eSZxdW90OywgMiDRiNC+0LrQvtC70LDQtNC90YvQtSDQstCw0YTQu9C4LCDRh9Cw0LkuINCd0LUg0LTQtdC50YHRgtCy0YPQtdGCINC90LjRh9C10LPQvi4gPGk+0K8g0YXQvtGH0YMg0Log0L3QtdC80YMuPC9pPjxiciAvPtCd0LXRg9C20LXQu9C4INGPINGC0LDQutCw0Y8g0L/Qu9C+0YXQsNGPPyDQl9CwINGH0YLQviDQvtC9INGC0LDQui4uLtGC0LDQuiDQttC10YHRgtC+0LrQvi4g0K8g0L3QtSDQvNC+0LPRgyDQtNGD0LzQsNGC0YwsINC00LLQuNCz0LDRgtGM0YHRjy4g0KPQu9GL0LHQutC4IC0g0YfQtdGA0LXQtyDRgdC40LvRgy4g0J/QvtGC0L7QvCDQsdGD0LTQtdGCINC70LXQs9GH0LU/INCl0L7Rh9GDINC70Lgg0Y8g0Y3RgtC+0LPQviAtPGk+INC/0L7RgtC+0Lw8L2k+PyDQndCwINGA0LDQsdC+0YLRgy4g0J3QsCDRgNCw0LHQvtGC0LUg0LvRg9GH0YjQtS4g0J3QtSDQu9GD0YfRiNC1LiDQodC70LjRiNC60L7QvCDQvNC90L7Qs9C+INGB0LLQvtCx0L7QtNC90L7Qs9C+INC/0YDQvtGB0YLRgNCw0L3RgdGC0LLQsCDQtNC70Y8g0LzRi9GB0LvQtdC5LiDQoNCw0LfQstC1INGC0LDQuiDQvNC+0LbQvdC+PyDQoNCw0LfQstC1INC80L7QttC90L4sINGH0YLQvtCx0Ysg0YDQsNC3IC0g0Lgg0LLRgdGRPyDQp9GC0L7QsdGLIC0g0L3QsNGB0YLQvtC70YzQutC+INC+0LHQuNC00LAsINGH0YLQviDQutC+0L3QtdGGPyDQntCx0LjQtNCwLi4uINCe0LHQuNC00LAgLSDQvdC1INC40LfQvNC10L3QsCwg0L3QtSDQv9C+0YHQu9C10LTQvdGP0Y8g0LrQsNC/0LvRjy4g0JjQu9C4INC/0L7RgdC70LXQtNC90Y/Rjz8g0KfRg9C20LDRjyDQtNGD0YjQsCAtINC/0L7RgtGR0LzQutC4LiDQkiDRh9GD0LbQvtC5INC00YPRiNC1INGA0LDQt9Cx0LjRgNCw0YLRjNGB0Y8g0L3QtdC/0YDQvtGB0YLQvi4g0Jgg0YLQvtCz0LTQsCDQvdC40YfQtdC80YMg0L3QtdC70YzQt9GPINCy0LXRgNC40YLRjC4g0KHQvNGB0LrQuCwg0LfQstC+0L3QutC4LiZxdW90O9Cn0YPQtNC+JnF1b3Q7LiDQmDogJnF1b3Q70YMg0LzQtdC90Y8gNCDQvNC10YHRj9GG0LAg0LTQtdC/0YDQtdGB0YHQuNGPLCDQsCDRgtGLINC90LUg0LfQsNC80LXRh9Cw0LXRiNGMJnF1b3Q7LjxpPiDQnNC90LUg0L3Rg9C20LXQvSDQvtC9LjwvaT48YnIgLz7QnNC+0LjRhSDQvtCx0LjQtCDQvdC10YIsINGPINC40YUg0YDQsNGB0YLQtdGA0Y/Qu9CwLCDQuNC30L3QuNGH0YLQvtC20LjQu9CwLCDQvdC40LLQtdC70LjRgNC+0LLQsNC70LAsINC4INC+0L3QuCDQv9C10YDQtdGB0YLQsNC70Lgg0YHRg9GJ0LXRgdGC0LLQvtCy0LDRgtGMLiDQntGB0YLQsNC70YHRjyDRgtC+0LvRjNC60L4g0J/QnNChLiA8aT4mcXVvdDvQndC1INC+0LHQuNC20LDQudGB0Y8mcXVvdDsuPC9pPjxiciAvPtCd0LUg0L7QsdC40LbQsNGC0YzRgdGPPyDQlNCwINGC0YsgPGk+0YPQvdC40YfRgtC+0LbQuNC7IDwvaT7QvNC+0Lkg0LzQuNGALiDQoNCw0LfQsdC40Lsg0LXQs9C+INC90LAg0LrRg9GB0L7Rh9C60LguINCX0LAgMyDQtNC90Y8g0YPQvdC40YfRgtC+0LbQuNC7IDxpPtC00LLQsDwvaT4g0LPQvtC00LAuPGJyIC8+0Jgg0LzQvdC1INCx0L7Qu9GM0YjQtSDQvdC1IDIyLiDQndCwINC80L3QtSDQvdC1INCx0LjRgNGO0LfQvtCy0LDRjyDQvNCw0LnQutCwLiDQryDQvdC1INGB0LjQttGDINC90LAg0LbQtdGB0YLQutC+0Lkg0LTQuNC10YLQtS4g0JzRiyDQvdC1INC10LTQtdC8INC90LAg0YLRgyDQtNCw0YfRgy4g0J3QtSDQuNGJ0YMg0LvQuNGC0LXRgNCw0YLRg9GA0YMg0LTQu9GPINC00LjQv9C70L7QvNCwLiDQndC1INC40LTRkdGCINC00L7QttC00YwuINCd0LXRgiDQvtGH0LXRgNC10LTQvdC+0LPQviAxNtCz0L4uINCd0LXRgiDQu9C10YLQvdC10LPQviDQsdCw0LvQutC+0L3QsCwg0YfQtdGA0LXRiNC90Lgg0Lgg0LrRgNCw0YHQvdC+0LPQviDRgdGD0YXQvtCz0L4uINCd0LXRgiDQsdC10YHQutC+0L3QtdGH0L3Ri9GFINGB0LjQs9Cw0YDQtdGCLiDQmCDQsdC10YHQutC+0L3QtdGH0L3QvtCz0L4g0LrQvtGE0LUuINCYINC30L3QsNC60L7QvNGB0YLQstCwINGBINGA0L7QtNC40YLQtdC70Y/QvNC4LiDQndC10YIg0YLQvtC5INCx0LvQuNC30L7RgdGC0Lgg0LIg0JXQs9C40L/RgtC1LiDQn9C10YDQstCw0Y8g0L/RgNC+0L3Qt9C40YLQtdC70YzQvdC+0YHRgtGMIC0g0L/QvtGB0LvQtSAmcXVvdDvQvtC9INGA0LXQstC90L7QstCw0Lsg0LXQtSDQuiDQtNC+0LbQtNGOJnF1b3Q7LiA8aT7QryDQu9GO0LHQu9GOINC10LPQvi48L2k+INCd0LXRgiDQv9C10YDQstC+0LPQviAtINGF0L7Rh9GDINC6INC90LXQvNGDLiDQn9C10YDQstC+0LPQviDQvNC+0LXQs9C+INC00L3RjyDRgNC+0LbQtNC10L3QuNGPLiDQn9C10YDQstC+0LPQviDQndC+0LLQvtCz0L4g0LPQvtC00LAuINCf0LXRgNCy0L7Qs9C+INGC0LLQvtC10LPQviDQtNC90Y8g0YDQvtC20LTQtdC90LjRjy4g0JbQuNCy0LDQvdGI0Lgg0Lgg0YjQsNGA0YQuINCQ0LvRjNCx0L7QvCDRgSDRhNC+0YLQvtCz0YDQsNGE0LjRj9C80Lgg0LTQu9C40L3QvtGOINCyINC90LXQtNC10LvRji4g0KLQstC+0Lkg0L/QvtGB0YIsINCwINGPINC+0L/Rj9GC0Ywg0YXRg9C00LXRji4g0KLQsCDRgdGB0L7RgNCwINC30LDRgtC10YDRj9C70LDRgdGMINCyINGP0L3QstCw0YDQtS4g0Jgg0LzRiyDQviDQvdC10Lkg0LfQsNCx0YvQu9C4LiDQotGLINCy0YHRkSDQtdGJ0LUg0LIg0YHQstC+0LjRhSDQtNGA0YPQt9GM0Y/RhSwg0LAg0LzRiyDQt9Cw0LrRgNGL0LvQuCDQs9C70LDQt9CwLiDQndC+INC+0L3QviDQvdC40LrRg9C00LAg0L3QtSDQtNC10LLQsNC10YLRgdGPLiDQn9C10YDQstCw0Y8g0LPQvtC00L7QstGJ0LjQvdCwLiDQnNC+0ZEg0L/QvtGB0YLQvtGP0L3QvdC+0LUg0LHQtdC30LTQtdC90LXQttGM0LUuINCi0LLQvtGPIC0g0YHRgtC10YHQvdC10L3QvdC+0YHRgtGMINCyINGB0YDQtdC00YHRgtCy0LDRhS4g0JzRiyDQstGB0ZEg0LzQtdC90LXQtSDRgdC00LXRgNC20LDQvdC90YsuINCvINC40YnRgyDRgNCw0LHQvtGC0YMsINCwINCz0YDQvtC30LAg0L/RgNC40LHQu9C40LbQsNC10YLRgdGPLiDQotCwINGB0YHQvtGA0LAuINCeLCDRjdGC0L4g0LHQvtC70YzQvdC+LiDQodC70L7QstCwINC20LXRgdGC0L7QutC4LiDQlNGA0YPQt9GM0Y8sINC+0L/Rj9GC0Ywg0LTRgNGD0LfRjNGPLiDQl9Cw0YfQtdC8INC+0L3QuCDQt9C00LXRgdGMPyDQkiDQvdCw0YjQtdC5INC20LjQt9C90Lg/INCf0L7Rh9C10LzRgyDQvNGLINC40Lct0LfQsCDQvdC40YUg0YHRgdC+0YDQuNC80YHRjz8g0JTQsCDQtdGJ0LUg0YLQsNC6LCDQtNC+INGB0LvRkdC3LiDQndCwINCy0YLQvtGA0L7QuSDQtNC10L3RjCAtINC90LAg0JvQsNC00L7Qs9C1LiDQndC+INGD0LbQtSDQstGB0ZEg0L3QtSDRgtCw0LouINCh0LDQvNC+0LUg0YHQuNC70YzQvdC+0LUgLSDQuNC3ICZxdW90O0dyZWVuIFZpbGxhZ2UmcXVvdDsuINCt0YLQviDQstGB0ZEuINCt0YLQviDQutC+0L3QtdGGLiDQndC+INC+0L0g0L3QtSDQvdCw0YHRgtGD0L/QsNC10YIuINCe0L0g0L7RgtC60LvQsNC00YvQstCw0LXRgtGB0Y8g0LXRidC1INC90LAg0L3QtdGB0LrQvtC70YzQutC+INC00L3QtdC5LiDQndC+INCx0YPRgNGPLCDQvtC90LAg0LfQtNC10YHRjCwg0L7QvdCwINCy0L7Rgi3QstC+0YIg0L3QsNGB0YLQsNC90LXRgi4g0J3QsNC60LDQvdGD0L3QtSAxINGB0LXQvdGC0Y/QsdGA0Y8uINCd0LDRgdGC0LDQu9C+LiDQotGLLiDQotGLINC90LDRh9C40L3QsNC10YjRjCDQtNC10LnRgdGC0LLQvtCy0LDRgtGMLiDQktC40LTQuNGCINCR0L7Qsywg0Y8g0YPRgdGC0LDQu9CwLiDQryDQvtCx0LjQttC10L3QsC4gPGk+0KHQtdC50YfQsNGBINGDINGC0LXQsdGPINGC0LDQutC+0LUg0LbQtSDRh9GD0LLRgdGC0LLQvj8gPC9pPtCvINCz0L7RgtC+0LLQsCDRgdC00LXQu9Cw0YLRjCDRiNCw0LMg0Log0YTQuNC90LDQu9GDLiDQndC+INGC0Ysg0L3QtSDQs9C+0YLQvtCyLiDQl9Cy0L7QvdC60LgsINC30LLQvtC90LrQuC4g0KLQsCDQstGB0YLRgNC10YfQsC4g0KLQviDQutC+0LvRjNGG0L4uINCYINGPINC90LUg0YHQvNC+0LPQu9CwLiDQrdGC0L4g0L3QtdC/0YDQvtGB0YLQvi4gPGk+0JjQu9C4INC/0YDQvtGB0YLQviwg0LA/IDwvaT7QmCDQvdCw0YfQuNC90LDQtdC8INC30LDQvdC+0LLQvi4g0K8g0LTQsNGOINCy0YLQvtGA0L7QuSDRiNCw0L3RgS4gPGk+0JAg0YLRiz88L2k+INCS0YLQvtGA0L7QuSDRiNCw0L3RgS4g0JzQtdC90YzRiNC1INC00YDRg9C30LXQuSwg0LHQvtC70YzRiNC1INCy0LTQstC+0LXQvC4g0J3QviDQstGB0ZEt0YLQsNC60Lgg0LzQtdC90YzRiNC1LiDQoNCw0LHQvtGC0LA/INCg0LDQsdC+0YLQsC4g0JTQsNC90YLQvtCy0Ysg0LrRgNGD0LPQuC4g0KHQvNGB0LrQsCDQsiAxMC4zMC4g0JLQtdGH0LXRgNC+0Lwg0YHQuNC7INC80LDQu9C+LiDQktC40L3QviDQuCDRgNCw0LfQs9C+0LLQvtGA0YsuINCi0LLQvtC5INGB0L7QvSDQtNC+INC00LLRg9GFINGH0LDRgdC+0LIuINCvINC40LfQtNGR0YDQs9Cw0L3QsC4g0JzQvdC1INGC0LDQvCDRhdC+0LvQvtC00L3QviDQuCDQvtC00LjQvdC+0LrQvi4g0K8g0L/RgNC+0L/QuNGC0LDQvdCwINC+0YnRg9GJ0LXQvdC40LXQvCDRhdC+0LvQvtC00LAg0Lgg0L7QtNC40L3QvtGH0LXRgdGC0LLQsC4g0KLQsNC8LiDQmCDQvdC10YPRgdGC0YDQvtC10L3QvdC+0YHRgtC4LiDQryDQvdC1INCy0YvRgdGL0L/QsNGO0YHRjCDQuCDQt9Cw0LzQtdGA0LfQsNGOLiDQn9C10YDQtdGB0YLQsNC70LAg0LPQvtGC0L7QstC40YLRjC4g0JzQvdC1INGC0LDQvCDQvdC1INC90YDQsNCy0LjRgtGB0Y8uPGk+INCi0Ysg0YfRg9Cy0YHRgtCy0YPQtdGI0Ywg0Y3RgtC+PzwvaT4g0KLRiyDQvdC1INGH0YPQstGB0YLQstGD0LXRiNGMLiA8aT7QmNC70Lgg0YLQtdCx0LUg0LLRgdGRINGA0LDQstC90L4/PC9pPiDQotGLINC90LUg0YXQvtGH0LXRiNGMINC80LXQvdGPINC/0L7QvdGP0YLRjC4g0J/RgNC40YXQvtGC0Lgg0LzQsNC70LXQvdGM0LrQvtC5INC40LfQsdCw0LvQvtCy0LDQvdC90L7QuSDQtNC10LLQvtGH0LrQuC4gJnF1b3Q70KLRiyDQttC00LXRiNGMINC/0YDQuNC90YbQsCDQvdCwINCx0LXQu9C+0Lwg0LrQvtC90LUmcXVvdDsuINCd0LUg0LbQtNGDLiDQmCDRjyDRg9C20LUg0L3QtSDQvNCw0LvQtdC90YzQutCw0Y8uINCYINC90LUg0LjQt9Cx0LDQu9C+0LLQsNC90LAuINCc0L3QtSDRgdGC0YDQsNGI0L3Qvi4g0Jgg0LTQsCwg0Y8g0L3QtSDRg9Cy0LXRgNC10L3QsCDQsiA8aT7RgtCy0L7QtdC5IDwvaT7Qu9GO0LHQstC4LiDQryDRhdC+0YDQvtGI0L4g0YLQtdCx0Y8g0LjQt9GD0YfQuNC70LAuINCh0LvQuNGI0LrQvtC8INGF0L7RgNC+0YjQvi4g0JHQtdC70L7QtSDQuCDRh9C10YDQvdC+0LUg0L/RgNC10LLRgNCw0YnQsNGO0YLRgdGPINC00YDRg9CzINCyINC00YDRg9Cz0LAg0LHQtdC30L4g0LLRgdGP0LrQuNGFINGD0YHQuNC70LjQuS4gPGk+0KLRiyDQsdGD0LTQtdGI0Ywg0LvRjtCx0LjRgtGMINC80LXQvdGPPzwvaT4g0JTQtdC70L4g0L3QtSDQsiDQs9C+0YDQvtC00LUsINC00LXQu9C+INCyINGC0LXQsdC1LiDQotGLINC/0YDQsNCyLCAmcXVvdDvRhdC+0YDQvtGI0L4g0L/RgNC+0LLQvtC00LjQvCDQstGA0LXQvNGPJnF1b3Q7LiDQkCDQtNCw0LvRjNGI0LU/INCi0Ysg0L3QtSDQvNC+0LbQtdGI0YwsINC90LUg0YXQvtGH0LXRiNGMINC/0L7QvdGP0YLRjC4gPGk+0JvRjtCx0LjRgtGMLjwvaT4g0Jgg0Y8g0L7RgdGC0LDQstC70Y/RjiDRgNC10YjQtdC90LjQtSDQvdCwINCy0LXRgdC90YMuINCQINGC0YPRh9C4INC+0L/Rj9GC0Ywg0YHQs9GD0YnQsNGO0YLRgdGPLiDQnNGLINGI0YPRgtC40LwsINCwINC90LXQsdC+INCy0YHRkSDRh9C10YDQvdC10LUuINCi0Ysg0L/QtdGA0LXRgdGC0LDQuyDQsdGL0YLRjCDQv9C+0YHRgtC+0Y/QvdC90L4g0YEg0LTRgNGD0LfRjNGP0LzQuCwg0Y8g0L/QtdGA0LXRgdGC0LDQu9CwINC/0LXRgNC10YHQuNC70LjQstCw0YLRjCDRgdC10LHRjy4g0J7QsdC80LDQvdGH0LjQstCw0Y8g0LPQsNGA0LzQvtC90LjRjy4gPGk+JnF1b3Q70KLRiyDRgdGH0LjRgtCw0LXRiNGMLCDQvtC90Lgg0L3QuNC20LUg0YLQtdCx0Y8/JnF1b3Q7PC9pPiDQndC1INGB0YfQuNGC0LDRji4g0J3QtSDQtNGD0LzQsNGOINCy0L7QvtCx0YnQtS4g0JLQvtC+0LHRidC1INC90LUg0LTRg9C80LDRji4g0JAg0YHRgtC+0LjQu9C+LiDQryDRgNC10LfQutCw0Y8/INCR0YvQstCw0LXRgi4g0KLRiyDQu9C10L3QuNCyINC4INC90LUg0LvRjtCx0LjRiNGMINC/0YDQuNC90LjQvNCw0YLRjCDRgNC10YjQtdC90LjRjy4g0K8g0L/RgNC40LLRi9C60LvQsC4g0KLRiyDQs9C+0LLQvtGA0LjRiNGMLCDQvdC1INC00LXQu9Cw0LXRiNGMLiDQndC1INCy0YHQtdCz0LTQsCwg0L3QviDRh9Cw0YHRgtC+LiDQryDQv9GA0LjQstGL0LrQu9CwLiDQoyDQvNC10L3RjyDRgtC10L/QtdGA0Ywg0LXRgdGC0Ywg0LTQtdC90YzQs9C4LiDQnNC90LUg0L3QtSDQvdGD0LbQvdGLINC00L7RgNC+0LPQuNC1INC/0L7QtNCw0YDQutC4LiDQndC+INCy0YHRkSDRgNCw0LLQvdC+INC/0YDQuNGP0YLQvdC+LiDQndCwINCd0L7QstGL0Lkg0LPQvtC0LiDQmCDQtNCwLCDQutCw0Log0YLRiyDQvdC1INC/0L7RgdGC0LDQstC40Lsg0LzQvdC1INCyINGD0L/RgNGR0Log0Y3RgtC+0YIg0J3QvtCy0YvQuSDQs9C+0LQ/INCX0LDQsdGL0Ls/INCY0LvQuCDQstGB0L/QvtC80L3QuNC7INC80LDQuSDQuCDQtNC10LrQsNCx0YDRjD8g0J3QviDQsiDQotCw0LvQu9C40L3QtSDQstGB0ZEg0L/QtdGA0LXRgdGC0LDRkdGCINCx0YvRgtGMINC/0L7RhdC+0LbQuNC8INC90LAg0YHQutCw0LfQutGDLiDQodC+0LLRgdC10LwuIDxpPiZxdW90O9Cd0LDQstGP0LfRi9Cy0LDQtdGI0YwsINC00LDQstC40YjRjCwg0LXRgdGC0Ywg0LLQtdGJ0LgsINC60L7RgtC+0YDRi9C1INC80YPQttGH0LjQvdC1INC90LXQu9GM0LfRjyDQs9C+0LLQvtGA0LjRgtGMJnF1b3Q7LjwvaT4g0JTQsCwg0Y8g0YDQtdC30LrQsNGPLiDQmCDQuNC90L7Qs9C00LAg0L/QtdGA0LXQs9C40LHQsNGOINC/0LDQu9C60YMuIDxpPtCd0L4g0Y8g0LvRjtCx0LvRjiDRgtC10LHRjy48L2k+INCc0L3QtSDRhdC+0YfQtdGC0YHRjyDQt9Cw0LHQvtGC0LjRgtGM0YHRjy4g0KfRg9GC0Ywt0YfRg9GC0YwuICZxdW90O9Cd0LDQtNC10L3RjCDRiNCw0L/QutGDINC4INGI0LDRgNGEJnF1b3Q7LiDQoyDRgtC10LHRjyDQv9C70L7RhdC+0LUg0L3QsNGB0YLRgNC+0LXQvdC40LUuINCf0L7QtdC30LTQutCwINC90LAg0LTQsNGH0YMg0YPRgdGD0LPRg9Cx0LjQu9CwLiDQnNC90LUg0LbQsNC70LrQviDRgtC10LHRjy4g0KjQsNC80L/QsNC90YHQutC+0LUg0Lgg0LjQutGA0LAuINCS0YHRkSwg0YfRgtC+INGPINC80L7Qs9GDINC/0YDQtdC00LvQvtC20LjRgtGMINCyINGC0L7RgiDQstC10YfQtdGAIDIg0Y/QvdCy0LDRgNGPLiDQn9GD0YHRgtGMINC+0L/Rj9GC0Ywg0LHRg9C00LXRgiDQv9GA0LDQt9C00L3QuNC6LiDQmtGC0L4g0LfQvdCw0LssINGH0YLQviDRgtGLINCx0YPQtNC10YjRjCA8aT7Rg9C/0YDQtdC60LDRgtGMPC9pPiDRjdGC0LjQvCDQstC/0L7RgdC70LXQtNGB0YLQstC40Lg/INCQINGPINGF0L7RgtC10LvQsCDRg9GC0LXRiNC40YLRjC4g0J/RgNCw0LfQtNC90LjQutC4INC60L7QvdGH0LjQu9C40YHRjC4g0Jgg0LTQviAxNNCz0L4g0LHRi9C70L4g0LfQsNGC0LjRiNGM0LUuICZxdW90O9CvINC/0L7RhdGD0LTQtdGOLCDQuCDRgtGLINCx0YPQtNC10YjRjCDQvNC10L3RjyDRgNC10LLQvdC+0LLQsNGC0YwmcXVvdDsuINCR0YPQtNGDLiDQl9Cw0YfQtdC8INC+0L3QsCDQv9C40YjQtdGCINGC0LXQsdC1PyDQl9Cw0YfQtdC8INGC0Ysg0LXQuSDQvtGC0LLQtdGH0LDQtdGI0Yw/INCe0LHQuNC00L3Qvi4g0J3QviDQvtCx0LjQtNC90L4sINGH0YLQviDQvdC10YIgJnF1b3Q70LzRiyZxdW90OyDQsiDRgNCw0YHRgdC60LDQt9C1INC+ICZxdW90O9Cn0LDQudC90L7QuSDRhdC40LbQuNC90LUmcXVvdDsuINCm0LLQtdGC0YsuINCd0LAg0L3QuNGFINC90LDRhtC10L3QutCwLCDQstC10LTRjCDRjdGC0L4g0L/RgNCw0LfQtNC90LjQui4g0KLQtdCx0LUg0LbQsNC70LrQviDQtNC10L3QtdCzLCDQsCDRjyDQvtCx0LjQttC10L3QsC4g0Jgg0LzQvdC1INC90LUg0L3Rg9C20L3RiyDRhtCy0LXRgtGLLCDQsCDQvdGD0LbQvdC+INGH0YLQvi3RgtC+INCx0L7Qu9GM0YjQtdC1LiDQotCy0L7RkSDQvtGC0L3QvtGI0LXQvdC40LUuINCi0LLQvtGRINGD0LLQtdGA0LXQvdC40LUuIDxpPtCi0LLQvtGRINC/0YDQtdC00LvQvtC20LXQvdC40LU/PC9pPiDQmCDRgtCy0L7QuCDQs9C70LDQt9CwLiDQryDRgtC10L/QtdGA0Ywg0L3QuNC60L7Qs9C00LAg0L3QtSDQt9Cw0LHRg9C00YMuINCd0LXQu9GM0LfRjywg0L3QtdC70YzQt9GPINCx0YvQu9C+INGA0LDRgdGB0YLQsNCy0LDRgtGM0YHRjyDQvdCwINGC0L7QvC4g0J3QtdC70YzQt9GPLiDQn9GD0YHRgtGMINC4INC00YPRgNCw0YbQutC40Lkg0LrQsNGC0L7Qu9C40YfQtdGB0LrQuNC5INC/0YDQsNC30LTQvdC40LouINCa0LDQuiDRgtC+0LPQtNCwIC0gMTkg0LTQtdC60LDQsdGA0Y8gMjAxMC4gPGk+JnF1b3Q70JAg0YfRgtC+LCDRgNCw0LfQstC1INGB0LXQs9C+0LTQvdGPINC60LDQutC+0Lkt0YLQviDQvtGB0L7QsdC10L3QvdGL0Lkg0LTQtdC90Yw/JnF1b3Q7PC9pPiDQntC9INC+0YHQvtCx0LXQvdC90YvQuSwg0LXRgdC70Lgg0L7RgdC+0LHQtdC9INC00LvRjyDQvtC00L3QvtCz0L4uINCd0L4g0Y8g0L/RgNC+0YHRgtC40LvQsC4g0JXRgdGC0LXRgdGC0LLQtdC90L3Qvi4g0KXQvtGC0Y8g0LLRgdC10LPQtNCwINCx0YvQu9C4INGB0LvRkdC30YsuINCi0Ysg0L/QvtC00LTQtdGA0LbQuNCy0LDQuyDQvNC10L3RjyDQsiDQtNC10LrQsNCx0YDQtS4g0KLRiyDQsdGL0Lsg0LTQsNC70LXQutC+INC4INCx0LvQuNC30LrQvi4g0JAg0LIg0YTQtdCy0YDQsNC70LUg0YDQsNC30LHQuNC7INC80L7RkSDRgdC10YDQtNGG0LUuPGJyIC8+0Jgg0Y8g0L3QtSDQt9C90LDRjiwg0LrQsNC6INC80L3QtSDQttC40YLRjCDRgSDRjdGC0LjQvCDQtNCw0LvRjNGI0LUuLi48YnIgLz48YnIgLz48YnIgLz4="
"eventtime","2012-02-19 12:10:00"
"url","http://no-wisdom.livejournal.com/4563.html"
"userid","11071"
"itemid","16"
"event","0Y8g0LLRgdC1INCy0YDQtdC80Y8g0LfQsNCx0YvQstCw0Y4g0L/QsNGA0L7Qu9C4LiDQmCDQv9GA0L7QstC+0LbRgyDRgdC70LjRiNC60L7QvCDQvNC90L7Qs9C+INCy0YDQtdC80LXQvdC4INC/0LXRgNC10LQg0LrQvtC80L/RjNGO0YLQtdGA0L7QvC4g0KMg0LzQtdC90Y8g0L3QtdGCINGB0LjQu9GLINCy0L7Qu9C4LiDQndGDINC40LvQuCDQtdGB0YLRjCwg0L3QviDQvdC1INGC0LDQutCw0Y8sINC60LDQutGD0Y4g0YXQvtGC0LXQu9C+0YHRjCDQsdGLINC40LzQtdGC0YwuDQrQryDQsdC10LfRg9C80L3QviDQu9GO0LHQu9GOINGB0L7Qu9C90YbQtS4g0J3QviDQstC10YHQvdC+0Lkg0L7RgiDQvdC10LPQviDRg9GB0LjQu9C40LLQsNC10YLRgdGPINCw0LvQu9C10YDQs9C40Y8uDQrQodC/0LvQvtGI0L3Ri9C1INC/0YDQvtGC0LjQstC+0YDQtdGH0LjRjy4NCtCh0LXQudGH0LDRgSDQvNC90LUg0L3QtSDRhdCy0LDRgtCw0LXRgiDQvdC+0LLQvtCz0L4g0LrRg9C70YzRgtGD0YDQvdC+0LPQviDQstC/0LXRh9Cw0YLQu9C10L3QuNGPLiDQktGB0LUg0L/QtdGB0L3QuCDQt9C90LDQutC+0LzRiywg0LLRgdC1INGE0LjQu9GM0LzRiyDQv9GA0L7RgdC80L7RgtGA0LXQvdGLLCDQsCDQvdC+0LLQvtC1INC90LUg0LTQtdC50YHRgtCy0YPQtdGCLg0K0J/RgNCw0LLQtNCwLCDRh9C40YLQsNGOICLQkNC90L3RgyDQmtCw0YDQtdC90LjQvdGDIi4g0K3RgtC+INGF0L7RgNC+0YjQtdC1INC4INGD0YHQv9C+0LrQsNC40LLQsNGO0YnQtdC1Lg0K0JXQu9CwINGI0L7QutC+0LvQsNC00L3Ri9C1INC60L7QvdGE0LXRgtGLLCDQvtC00L3RgyDQt9CwINC00YDRg9Cz0L7QuS4g0KPQttCw0YEuINCg0LXQtNC60L4g0YLQsNC6INC00LXQu9Cw0Y4uINCd0LDQv9C+0LzQuNC90LDQtdGCINC00LXRgtGB0YLQstC+LiDQmtC+0LPQtNCwINC90LUg0LzQvtC20LXRiNGMINGD0LTQtdGA0LbQsNGC0YzRgdGPLg0K0KXQvtGH0YMsINGH0YLQvtCx0Ysg0LHRi9C70L4g0YLQtdC/0LvQviwg0Lgg0L/QvtC10YXQsNGC0Ywg0L3QsCDQv9GA0LjRgNC+0LTRgy4g0YjQsNGI0LvRi9C60Lgg0LjQu9C4INGH0YLQvi3RgtC+INCy0YDQvtC00LUuINGBINC00LXQstGH0L7QvdC60LDQvNC4INC40LvQuCDQu9GO0LHQuNC80YvQvC4g0L3QtdCy0LDQttC90L4uINCz0LvQsNCy0L3QvtC1LCDRh9GC0L7QsdGLINGB0L7Qu9C90YbQtS4="
"eventtime","2008-03-26 00:38:00"
"url","http://no-wisdom.livejournal.com/4220.html"
"userid","11071"
"itemid","15"
"event","0KHRhdC+0LTQuNC70LAg0L3QsCDQkNGA0LHQtdC90LjQvdGDLiDQmtC+0L3QtdGH0L3Qviwg0L3QtSDQvNC+0LPRgyDRgdC60LDQt9Cw0YLRjCwg0YfRgtC+INC90LUg0L/QvtC90YDQsNCy0LjQu9C+0YHRjC4g0JTQsNC20LUg0LXRgdC70Lgg0LHRiyZuYnNwOyDQvtC90LAg0L/RgNC+0YHRgtC+INCy0YvRiNC70LAg0L3QsCDRgdGG0LXQvdGDINC4INC/0L7RgdGC0L7Rj9C70LAg0YLQsNC6IDEsNSDRh9Cw0YHQsCwg0LTRg9GI0LAg0LvQuNC60L7QstCw0LvQsCDQsdGLINGD0LbQtS4g0JAg0L7QvdCwINC10YnQtSDQuCDQv9C10LvQsC4g0JzQvtC20LXRgiwg0LIg0YLQvtC8INC4INC00LXQu9C+LCDRh9GC0L4g0J/QldCb0JAuINCi0L4g0LXRgdGC0Ywg0L/QvtCz0YDRg9C20LDQu9CwINC90LDRgSDQsiDQtNGA0YPQs9C+0Lkg0LzQuNGALiDQmCDQutC+0LPQtNCwINGH0LXRgNC10Lcg0L3QtdC/0L7Qu9C90YvQtSAxLDUg0YfQsNGB0LAg0LLRgdC1INC+0LHQvtGA0LLQsNC70L7RgdGMLCDQsdGL0LvQviDRgdGC0YDQsNC90L3QvtC1INC4INC90LXQutC+0LzRhNC+0YDRgtC90L7QtSDQvtGJ0YPRidC10L3QuNC1LiDQmtCw0Log0LXRgdC70Lgg0LHRiyDQu9C10YLQvdC40LUg0LrQsNC90LjQutGD0LvRiyDQt9Cw0LrQvtC90YfQuNC70LjRgdGMINGH0LXRgNC10Lcg0L3QtdC00LXQu9GOINC/0L7RgdC70LUg0L3QsNGH0LDQu9CwINC40LvQuCDQs9C+0YHRgtC4INC90LAg0YLQstC+0LXQvCDQtNC90LUg0YDQvtC20LTQtdC90LjQuCDRg9GI0LvQuCDRh9C10YDQtdC3INGH0LDRgSDQv9C+0YHQu9C1INC/0YDQuNGF0L7QtNCwLiDQkiDQvtCx0YnQtdC8LCDQs9GA0YPRgdGC0L3QviDQutCw0Lot0YLQvi4NCtCQINCz0LvQsNCy0L3QvtC1LCDRjyDQv9GL0YLQsNC70LDRgdGMINGD0LHQtdC00LjRgtGMINGB0LXQsdGPINC4INGC0L7Qs9C+INGH0LXQu9C+0LLQtdC60LAsINC60L7RgtC+0YDRi9C5INGB0L4g0LzQvdC+0Lkg0YXQvtC00LjQuyDQuCDRgtC10YUg0LvRjtC00LXQuSAs0YfRgtC+INCyINGC0L7RgiDQtNC10L3RjCDQuCDQvdCw0LfQsNCy0YLRgNCwINGB0L/RgNCw0YjQuNCy0LDQu9C4INC80LXQvdGPJm5ic3A7INC+INC60L7QvdGG0LXRgNGC0LUsINGH0YLQviDQvNC90LUg0LLRgdC1INC+0YfQtdC90Ywg0L/QvtC90YDQsNCy0LjQu9C+0YHRjCwg0L3QsNGF0L7QtNC40LvQsCDQsNGA0LPRg9C80LXQvdGC0YssICLQvtC90LAg0LLQtdC00Ywg0L/QtdC70LAg0YDQtdC00LrQuNC1INC/0LXRgdC90LguLiIuINCd0YMg0LvQsNC00L3Qvi4uINC/0YDQvtGB0YLQviDQv9GA0L7RiNC70YvQuSDQutC+0L3RhtC10YDRgiDQsiDQsNC/0YDQtdC70LUg0LzQtdC90Y8g0LLQv9C10YfQsNGC0LvQuNC7INCx0L7Qu9GM0YjQtS4NCtCd0L4g0Y8g0LLRgdC1LdGC0LDQutC4INC40LTRgyDQvdCwINCh0YPRgNCz0LDQvdC+0LLRgy4uLiDQuCDRjdGC0L4g0L/RgNC+0YHRgtC+INC/0L7QtNC00LXRgNC20LjQstCw0LXRgiDRgdC10LnRh9Cw0YEsINC60L7Qs9C00LAg0YfQtS3RgiDQstGB0LUg0YHQvtCy0YHQtdC8INC90LUg0L7Rh9C10L3RjC4uINC30LTQvtGA0L7QstGM0LUsINC70LjRh9C90LDRjyDQttC40LfQvdGMLCDQstC90YPRgtGA0LXQvdC90LXQtSDRgdC+0YHRgtC+0Y/QvdC40LUg0LIg0YbQtdC70L7QvC4NCtCd0LUg0LvRjtCx0LvRjiDRjyDQvtGB0LXQvdGMLCDRh9GC0L4g0LHRiyDRgtCw0Lwg0L3QuCDQs9C+0LLQvtGA0LjQu9C4INC00YDRg9Cz0LjQtS4uINCd0LUg0LLQuNC20YMg0LIg0L3QtdC5INC90Lgg0LrRgNCw0YHQvtGC0YssINC90Lgg0YDQvtC80LDQvdGC0LjQutC4LiDQotC+0LvRjNC60L4g0LzRgNCw0LosINGF0L7Qu9C+0LQg0Lgg0YPQvdGL0L3QuNC1Li4u"
"eventtime","2007-11-02 02:39:00"
"url","http://no-wisdom.livejournal.com/4022.html"
"userid","11071"
"itemid","14"
"event","0J/RgNC+0YfQuNGC0LDQu9CwINC90LAg0L7RhNGE0LUg0J3QoSDQutC+0LUt0YfRgtC+INC+0YfQtdC90Ywg0L7QsdC90LDQtNC10LbQuNCy0LDRjtGJ0LXQtS4uLiDQviDQstC+0LfQvNC+0LbQvdC+0Lwg0LfQstC+0L3QutC1INC40Lcg0JzQvtGB0LrQstGLINCyINCf0LjRgtC10YAuLiDQotCw0Log0YXQvtGH0LXRgtGB0Y8sINGH0YLQvtCx0Ysg0LHRi9C70L4g0L/RgNCw0LLQtNC+0LksINGH0YLQvtCx0Ysg0L/RgNC+0LjQt9C+0YjQu9C+LiDQndC+INC/0L7QutCwINC90LUg0YDQsNC00YPRjtGB0YwsINC40LHQviDQtdGB0LvQuCDQvdC1INGB0LLQtdGA0YjQuNGC0YHRjywg0L7QsdC70L7QvCDQsdGD0LTQtdGCINC+0YfQtdC90Ywg0YHQuNC70YzQvdGL0LkuLg0K0J7RgtC60YDRi9C70LAg0LTQu9GPINGB0LXQsdGPINCh0LLQtdGC0LvQsNC90YMg0JPQvtC70YPQsdC10LLRgy4g0J/RgNC+0L3Qt9C40YLQtdC70YzQvdC+LCDRgdGC0L7Qv9GA0L7RhtC10L3RgtC90L4g0L/Qvi3Qv9C40YLQtdGA0YHQutC4LCDQvtGH0LXQvdGMINC60LvQtdCy0L4g0Lgg0L7Rh9C10L3RjCDQs9GA0YPRgdGC0L3Qvi4g0KfRg9Cy0YHRgtCy0YPRjiwg0YfRgtC+INGN0YLQuCDQv9C10YHQvdC4INC10YnQtSDQtNC+0LvQs9C+INCx0YPQtNGD0YIg0YHQviDQvNC90L7QuS4g0JLQvtGCICLQn9C40YLQtdGAIiDRhtC10LvRi9C5INC00LXQvdGMINCyINCz0L7Qu9C+0LLQtS4u"
"eventtime","2007-10-10 22:33:00"
"url","http://no-wisdom.livejournal.com/3736.html"
"userid","11071"
"itemid","13"
"event","0JrRg9C/0LjQu9CwINCx0LjQu9C10YLRiyDQvdCwINCh0L3QsNC50L/QtdGA0L7Qsi4g0KDQsNC00L7RgdGC0YwuIA0K0J3QsCDQodGD0YDQs9Cw0L3QvtCy0YMsINGB0LrQvtGA0LXQtSDQstGB0LXQs9C+LCDQvdC1INC/0L7Qu9GD0YfQuNGC0YHRjy4NCtCd0L4g0L3QtdC70YzQt9GPINCy0YHQtSDRgdGA0LDQt9GDLg0K0KXQvtGC0Y8g0YXQvtGH0LXRgtGB0Y8="
"eventtime","2007-10-02 21:21:00"
"url","http://no-wisdom.livejournal.com/3403.html"
"userid","11071"
"itemid","12"
"event","0YHRhdC+0LTQuNC70LAg0L3QsCDRjdC60YHQutGD0YDRgdC40Y4g0Log0LTQvtC80YMg0KHRg9GA0LPQsNC90L7QstC+0LkuINC/0L7Qt9C40YLQuNGE0YQuLg=="
"eventtime","2007-09-07 00:16:00"
"url","http://no-wisdom.livejournal.com/3084.html"
"userid","11071"
"itemid","11"
"event","0L7Qv9GP0YLRjCDRhdC+0YfRgyDQvdCwINCh0YPRgNCz0LDQvdC+0LLRgy4g0JHQmtCXLiDRjdGC0L4g0LHQvtC70LXQt9C90YwuINC00LXQvdC10LMg0LvQuNGI0L3QuNGFINC90LXRgiDQstC+0L7QsdGJ0LUuINCx0LjQu9C10YLRiyDQtNC+0YDQvtCz0LjQtS4g0YPQsdC10LbQtNCw0Y4g0YHQtdCx0Y86INC90YMg0LfQsNGH0LXQvCDQuNC00YLQuCDQvdCwINC60L7QvdGG0LXRgNGCLCDQvNC+0LbQvdC+INC/0L7RgdC80L7RgtGA0LXRgtGMIGR2ZCwg0L/QvtGB0LvRg9GI0LDRgtGMINC/0LXRgdC90Lgg0LIg0L/Qu9C10LXRgNC1LCDQvdC+Li4g0LHQu9C40L0sINGN0YLQviDRgdC+0LLRgdC10Lwg0YDQsNC30L3Ri9C1INCy0LXRidC4Li4g0YXQvtGH0YMuLiDQuCDQs9C70LDQstC90L7QtSwg0L/QvtC90LjQvNCw0Y4sINGH0YLQviDQtNC10L3QtdCzINC90LXRgiwg0LAg0LIg0LPQvtC70L7QstC1IC0g0LLRgdC1INGA0LDQstC90L46INC90YMg0LzQvtC20LXRgiwg0LrRg9C/0LjRgtGMINCx0LjQu9C10YIsINCy0YHQtS3RgtCw0LrQuCDRgdGC0LjQv9C10L3QtNC40Y8g0LrQvtCz0LTQsC3RgtC+INCx0YPQtNC10YIsINC10YnQtSDQvNC+0LbQvdC+INC/0LXRgNC10YHRgtCw0YLRjCDRgtGA0LDRgtC40YLRjCDQtNC10L3RjNCz0Lgg0L3QsCDQvNCw0LrQtNC+0L3QsNC70YzQtNGBINC4INGC0L8sINC80L7QttC90L4g0L3QtSDQv9C+0LrRg9C/0LDRgtGMINC90L7QstGL0Lkg0LHRjtGB0YLQs9Cw0LvRjNGC0LXRgCwg0LzQvtC20L3QviDQvdC1INC/0L7QutGD0L/QsNGC0Ywg0YLQvtC90LDQu9GM0L3QuNC6LCDQutC+0YLQvtGA0YvQvCDRjyDQstGB0LUg0YDQsNCy0L3QviDQvdC1INC/0L7Qu9GM0LfRg9GO0YHRjC4g0LTQsCDQstC+0L7QsdGJ0LUsINC80L3QvtCz0L4g0YfQtdCz0L4g0LzQvtC20L3Qvi4uINGN0LrQvtC90L7QvNC40Y8uLiDRhdC8Li7RgtC+0LvRjNC60L4g0LHQuNC70LXRgtGLINGA0LDRgdC60YPQv9GP0YIg0Y/QstC90L4g0YDQsNC90YzRiNC1KCgNCtC+0LHQvtC20LDRjiDQtdC1Lg0K0LLRh9C10YDQsCDQv9GA0L7Rh9C40YLQsNC70LAt0YLQsNC60Lgg0LPQu9Cw0LLRgyDQviDQvdC10Lkg0LIg0LrQvdC40LPQtSDQkdGD0YLRhy4g0JLRgNC+0LTQtSDQvdC40YfQtdCz0L4g0L3QvtCy0L7Qs9C+LCDQsCDQv9C+0YLQvtC8INGD0YHQvdGD0YLRjCDQtNC+0LvQs9C+INC90LUg0LzQvtCz0LvQsC4g0J/QvtC00YDQvtCx0L3QvtGB0YLQuCwg0LrQvtC90LXRh9C90L4sINGI0L7QutC40YDQvtCy0LDQu9C4LiDQlNC70Y8g0LzQtdC90Y8sINC00LDQu9C10LrQvtC5INC+0YIg0LzQtdC00LjRhtC40L3Riywg0Y3RgtC+INCy0YHQtSDQvdC10L/QvtC90Y/RgtC90L4g0Lgg0YHRgtGA0LDRiNC90L4uINCU0YPQvNCw0LvQsCDRgdC90LDRh9Cw0LvQsCwg0LAg0L3QsNC00L4g0LvQuCDQsdGL0LvQviDQstGB0LUg0Y3RgtC+INC+0L/QuNGB0YvQstCw0YLRjC4g0LAg0YTQuNCzINC30L3QsNC10YIuJm5ic3A7INC80LXQvdGP0LXRgtGB0Y8g0LvQuCDQv9GA0LXQtNGB0YLQsNCy0LvQtdC90LjQtSDQvtCxINCw0YDRgtC40YHRgtC1LCDQutC+0LPQtNCwINC90LDRh9C40L3QsNC10YjRjCDRgdC+0YfRg9Cy0YHRgtCy0L7QstCw0YLRjCDQtdC80YMsINC20LDQu9C10YLRjD8g0YXQvtGA0L7RiNC+INGN0YLQviDQuNC70Lgg0L/Qu9C+0YXQvj8g0LjQu9C4INC90LUg0LTQvtC70LbQvdC+INCx0YvRgtGMINC20LDQu9C+0YHRgtC4LCDRgtC+0LvRjNC60L4g0YfQuNGB0YLRi9C1INGN0LzQvtGG0LjQuD8g0L3QtSDQt9C90LDRji4NCtC30LDQstGC0YDQsCAtINC90LAg0LHQtdGB0L/Qu9Cw0YLQvdGL0Lkg0YDQvtC6LdC60L7QvdGG0LXRgNGCLiDQkdGD0LTRg9GCINCh0L3QsNC50L/QtdGA0YsuINCf0L7QudC00YMg0YLRg9C00LAg0LfQsNC70LjQstCw0YLRjNGB0Y8g0L/QuNCy0L7QvCDQsiDRgtC+0YHQutC1INC/0L4g0LrQvtC90YbQtdGA0YLRgyDQodGD0YDQs9Cw0L3QvtCy0L7QuS4uLg=="
"eventtime","2007-09-02 01:56:00"
"url","http://no-wisdom.livejournal.com/3030.html"
"userid","11071"
"itemid","10"
"event","0KjQvtC/0LjQvdCz0L7QstCw0LvQsCAzINGH0LDRgdCwLiDQn9C+0YLQvtC8INGB0LzQvtGC0YDQtdC70LAg0YfRg9C00LXRgdC90YvQuSDQvNCw0LvQtdC90YzQutC40Lkg0LrQvtC90YbQtdGA0YLQuNC6INCh0L3QsNC50L/QtdGA0L7Qsi4g0KPQu9GL0LHQsNC70LDRgdGMLCDQutC+0LPQtNCwINCU0LjQsNC90LAg0LfQsNCx0YvQu9CwINGB0LvQvtCy0LAg0L3QsCDQv9C10YHQvdC1ICLQo9C/0YLQsNGD0LTRgyIsINCwINCh0LLQtdGC0LAsINC/0L7RhdC+0LbQtSwg0LXQuSDQv9C+0LTRgdC60LDQt9GL0LLQsNC70LApKS4gDQrQn9C+0YHQu9C1IC0g0L/QtdGA0LXRgdC80L7RgtGA0LXQu9CwICLQkdC+0LPQuNC90Y4iLiDQntC/0Y/RgtGMINC80L3QvtCz0L7QtSDQvdC10L/QvtC90Y/RgtC90L4sINC90L4g0KDQtdC90LDRgtCwINCy0LXQu9C40LrQvtC70LXQv9C90LAsINC60LDQuiDQstGB0LXQs9C00LAuINCl0L7RgtGPINGE0LjQu9GM0Lwg0YHRgtGA0LDRiNC90YvQuS4g0JLQvtC30L3QuNC60LDQu9C4INCw0YHRgdC+0YbQuNCw0YbQuNC4LiDQndC+0LLQsNGPJm5ic3A7IC0g0YEmbmJzcDsgItCn0LDRgdCw0LzQuCIuINCS0L7RgiDQuCAi0KfQsNGB0YsiINC90LXQv9C70L7RhdC+INCx0Ysg0LXRidC1INGA0LDQtyDQv9C+0YHQvNC+0YLRgNC10YLRjC4g0Jgg0JLRg9C70YQg0L/QvtGH0LjRgtCw0YLRjC4NCtCa0YPQv9C40LvQsCAyINC60L3QuNCz0Lg6INCi0Y3RhNGE0Lgg0Lgg0JPQsNGA0YHQuNCwINCc0LDRgNC60LXRgdCwLiDQodC10LnRh9Cw0YEg0YfQuNGC0LDRjiDQv9C10YDQstGD0Y4uINCU0LXQudGB0YLQstGD0LXRgiDQsdC10LfRg9C80L3Qvi4g0KHQsNC80L7QtSDRg9C00LjQstC40YLQtdC70YzQvdC+0LUsINGA0LDRgdGB0LrQsNC30YsgLSDQvdCwINC/0L7Qu9GC0L7RgNGLLdC00LLQtSDRgdGC0YDQsNC90LjRhtGLLCDQsCDQstC/0LXRh9Cw0YLQu9C10L3QuNGPINGB0LjQu9GM0L3QtdC50YjQuNC1LiDQk9Cw0YDRgdC40LAg0JzQsNGA0LrQtdGB0LAg0L/RgNC40LHQtdGA0LXQs9GDINC00LvRjyDQsNCy0LPRg9GB0YLQsC4NCtCU0L7QttC00Ywg0LjQtNC10YIuLi4="
"eventtime","2007-07-31 03:02:00"
"url","http://no-wisdom.livejournal.com/2785.html"
"userid","11071"
"itemid","9"
"event","0L/RgNC40YjQu9CwINGA0LDQvdC+LiDQtNC+0LvQs9C+INCz0YPQu9GP0LvQsCDQstC+0LrRgNGD0LMg0LfQvtC+0L/QsNGA0LrQsCwg0YHQuNC00LXQu9CwINC90LAg0YHQutCw0LzQtdC50LrQtS4g0L3QtdGA0LLQvdC40YfQsNC70LAsINC/0L7RgtC+0LzRgyDRh9GC0L4gMS3Ri9C5INGA0LDQtyDRiNC70LAg0L3QsCDQutC+0L3RhtC10YDRgiDQvtC00L3QsC4g0JzQtdC90YzRiNC1ICLQstC90YPRgtGA0LXQvdC90LXQuSDRgdCy0L7QsdC+0LTRiyIg0LjQu9C4INC60LDQuiDRgtCw0Lwg0Y3RgtC+INC90LDQt9GL0LLQsNC10YLRgdGPPyDQsiDRgNC10LfRg9C70YzRgtCw0YLQtSDQvNC+0LUg0L7QtNC40L3QvtGH0LXRgdGC0LLQviDRgdC60LDQt9Cw0LvQvtGB0Ywg0L3QsCDRgtC+0LwsINGH0YLQviDRjyDQvdC1INGA0LXRiNC40LvQsNGB0Ywg0LfQsNC/0YDRi9Cz0L3Rg9GC0Ywg0LIg0L7RgNC60LXRgdGC0YDQvtCy0YPRjiDRj9C80YMg0LIg0L7QsdGF0L7QtCDQsdC00LjRgtC10LvRjNC90L7Qs9C+INC+0LrQsCDRgtC10YLQtdC90YzQutC4LdC60L7QvdGC0YDQvtC70LXRgNCwINC4INC/0L7Qv9C70LXQu9Cw0YHRjCDQvdCwINGB0LLQvtC1INC80LXRgdGC0L4g0LIg0L/QvtGB0LvQtdC00L3QtdC8INGA0Y/QtNGDINC/0LDRgNGC0LXRgNCwLiDQlNCwLCDRgdC40LTQtdC70LAg0L3QsCDQutC+0L3RhtC10YDRgtC1INGPINGC0L7QttC1INCyIDEg0YDQsNC3Lg0K0J3QviDQvdCwINGN0YLQvtC8INCy0YHQtSDQttC40YLQtdC50YHQutC+0LUg0L7RgtGB0YLRg9C/0LjQu9C+LCDQv9C+0YLQvtC80YMg0YfRgtC+INC00LDQu9GM0YjQtSDQsdGL0LvQviAyINGH0LDRgdCwINCx0LXQt9GD0LzQvdC+0LPQviDQutCw0LnRhNCwLiDQodCy0LXRgtCwLCDQtdC1INC30LDQsdCw0LLQvdGL0LUg0L/QvtC70YPRiNGD0YLQu9C40LLRi9C1LdC/0L7Qu9GD0YHQtdGA0YzQtdC30L3Ri9C1INGA0LXQv9C70LjQutC4LCDQtdC1INCw0LrRgtC10YDRgdC60LjQtSDQstGL0YXQvtC00Ysg0LfQsCDRhtCy0LXRgtCw0LzQuCwg0LXQtSDQv9C+0YLRgNGP0YHQsNGO0YnQuNC5INCz0L7Qu9C+0YEsINGN0L3QtdGA0LPQtdGC0LjQutCwLCDQv9C+0LfQuNGC0LjQsi4uLiDRjyDQutCw0Log0LHRg9C00YLQviDRgNCw0YHRgtCy0L7RgNC40LvQsNGB0YwuLiDRgtC40YXQuNC5LCDQvdC+INC+0YfQtdC90Ywg0YHQuNC70YzQvdGL0Lkg0LLQvtGB0YLQvtGA0LMuLiDQmCDQv9C+0YfRgtC4INGE0LjQt9C40YfQtdGB0LrQvtC1INC+0YnRg9GJ0LXQvdC40LUg0YHQvtC/0YDQuNC60L7RgdC90L7QstC10L3QuNGPINGBINGD0LTQuNCy0LjRgtC10LvRjNC90YvQvCDQtNC+0LHRgNC+0LwsINGB0LLQtdGC0L7QvC4g0JTQu9GPINC80LXQvdGPINGN0YLQviDQstC+0L7QsdGJ0LUg0YHRgtGA0LDQvdC90L4gLSDQvtCx0YvRh9C90L4g0LLRgdC1INCy0L7RgdC/0YDQuNC90LjQvNCw0Y4g0YfRg9GC0Ywg0LIg0LjRgNC+0L3QuNGH0LXRgdC60L7QvCDQutC70Y7Rh9C1LCDQuCDRgtCw0LrQuNC1INGH0LjRgdGC0YvQtSDRjdC80L7RhtC40LggLSDQv9C+0YfRgtC4INCw0YLQsNCy0LjQt9C8LiDQn9C+0LzQvdGOLCDQvdCwINC60L7QvdGG0LXRgNGC0LUg0JDRgNCx0LXQvdC40L3QvtC5INCyINCw0L/RgNC10LvQtSDQstGB0LUg0YLQsNC6INC4INCx0YvQu9C+IC0g0LrQsNC6INC+0LHRi9GH0L3QviAtINC+0YfQtdC90Ywg0LrQu9C10LLQviDQuCDQt9Cw0LHQsNCy0L3Qviwg0L/QvtGA0YvQstC40YHRgtC+LCDRgSDQvdCw0LTRgNGL0LLQvtC8LiDQndC+INC/0L7RgtC+0Lwg0Y8g0L/RgNC40YjQu9CwINC00L7QvNC+0Lkg0YEg0L/QtdGA0LXRgdC+0YXRiNC40LwsINC+0YXRgNC40L/RiNC40Lwg0L7RgiDQv9C+0LTQv9C10LLQsNC90LjRjyDQs9C+0YDQu9C+0LwsINC4INC+0YLQstCw0LvQuNCy0LDRjtGJ0LjQvNC40YHRjyDQvdC+0LPQsNC80LggLSDQuCDQsiDQvtCx0YnQtdC8LdGC0L4g0LLRgdC1LiDQu9C10LPQu9CwINGB0L/QsNGC0YwuDQrQkCDRgdC10LnRh9Cw0YEuLiDRgdC40LbRgyDQv9C10YDQtdC0INC60L7QvNC/0L7QvC4g0Lgg0LLRgdC1INC10YnQtSDRgtCw0LwuINCYINC/0LXRgdC90Lgg0L3QsCZuYnNwOyDQsdC40YEsJm5ic3A7INC4Jm5ic3A7INGD0LvRi9Cx0LrQsCwg0LguLiZuYnNwOyDQsiDQvtCx0YnQtdC8LCDQv9C+0LvQvdGL0Lkg0Lgg0LDQsdGB0L7Qu9GO0YLQvdGL0LkmbmJzcDsg0L/QvtC00LfQsNGA0Y/QtC4g0Lgg0L3QsNC00LXRjtGB0Ywg0L3QsNC00L7Qu9Cz0L4uDQoNCtCe0L3QsCDRh9GD0LTQtdGB0L3QsNGPLi4uDQoNClAuUy4g0JrRgdGC0LDRgtC4LCDQstC+INCy0YDQtdC80Y8g0LrQvtC90YbQtdGA0YLQsCDQv9C+0L3Rj9C70LAsINGH0YLQviDQvtC00L3QvtC5INGC0L7QttC1INCx0YvRgtGMINC90LXQv9C70L7RhdC+LiDQodC80L7RgtGA0LjRiNGMINGC0L7Qu9GM0LrQviDRgdCy0L7QuNC80Lgg0LPQu9Cw0LfQsNC80LguINCYINGD0LPQvtC7INC30YDQtdC90LjRjyDQv9GA0Lgg0Y3RgtC+0Lwg0LfQsNC80LXRgtC90L4g0YDQsNGB0YjQuNGA0Y/QtdGC0YHRjyk="
"eventtime","2007-07-20 01:02:00"
"current_moodid","41"
"url","http://no-wisdom.livejournal.com/2485.html"
"userid","11071"
"itemid","8"
"event","0K8g0LrRg9C/0LjQu9CwINCx0LjQu9C10YIg0L3QsCDQodGD0YDQs9Cw0L3QvtCy0YMhINCj0YDQsCEh"
"eventtime","2007-06-16 14:26:00"
"url","http://no-wisdom.livejournal.com/2256.html"
"userid","11071"
"itemid","7"
"event","TXVzaWMgLSDQvdCwICLQstC+0YHQv9GA0L7QuNC30LLQtdC00LXQvdC40LUg0LIg0YHQu9GD0YfQsNC50L3QvtC8INC/0L7RgNGP0LTQutC1IiDQuCDRgdGC0YDQsNC00LDRgtGMINGE0LjQs9C90LXQuSDQuCDQt9Cw0LHQsNCy0LvRj9GC0YzRgdGPLiDQktC+0L/RgNC+0YEt0L7RgtCy0LXRgi48YnIgLz48YnIgLz4gMS4g0KfRgtC+INGDINC80LXQvdGPINC90LAg0LTRg9GI0LU/IC0g0J3QvtGH0L3Ri9C1INCh0L3QsNC50L/QtdGA0YsgLSDQkNCy0YLQvtC80L7QsdC40LvRjNC90YvQuSDQsdC70Y7QtyAo0LIg0YLQvtGH0LrRgywg0YLQsNC6INC60LDQuiDRjdGC0L4g0LLQtdGH0L3QvtC1KTxiciAvPiAyLiDQmtCw0LrQuNC8INC80LXQvdGPINCy0LjQtNGP0YIg0LzQvtC4INC00YDRg9C30YzRjz8gLSDQn9Cw0LLQtdC7INCa0LDRiNC40L0gLSDQkiDRgNCw0L/QuNC00LUgKNGD0LPRgywgItGB0LDQvCDQv9C+0YXQvtC2INC90LAg0L/RgNC40LLQuNC00LXQvdC40LUsINC00LXQvNC+0LrRgNCw0YIg0Lgg0L/QvtC70LjQs9Cw0LwiKTxiciAvPiAzLiDQryDQstGL0LnQtNGDINC30LDQvNGD0LYv0LbQtdC90Y7RgdGMPyAtINCd0LDRg9GC0LjQu9GD0YEg0J/QvtC80L/QuNC70LjRg9GBIC0g0KfQuNGB0YLRi9C5INCx0LXRgSAoItC90LUg0L/QvtC60LjQtNCw0Lkg0LzQtdC90Y8sINC00LDQttC1INC10YHQu9C4INGC0Ysg0YfQuNGB0YLRi9C5INCx0LXRgSIuINGF0LwuINGN0YLQviDQutCw0Log0L/QvtC90LjQvNCw0YLRjD8pPGJyIC8+IDQuINCf0LXRgdC90Y8g0L4g0LzQvtC10Lwg0LvRg9GH0YjQtdC8INC00YDRg9Cz0LU/IC0g0J3QsNGD0YLQuNC70YPRgSDQn9C+0LzQv9C40LvQuNGD0YEgLSDQotC40YLQsNC90LjQuiAo0LrQsNC6LdGC0L4g0L3QtSDQvtGH0LXQvdGMINC+0L/RgtC40LzQuNGB0YLQuNGH0L3Qviwg0YXQvtGC0Y8sINC80L7QttC10YIsINC90LDQvtCx0L7RgNC+0YI/ICLRjyDQstC40LTQtdC7INCw0LrRg9C7INC30LAg0LrQvtGA0LzQvtGOIjxpbWcgd2lkdGg9IjE1IiBoZWlnaHQ9IjE1IiBib3JkZXI9IjAiIHNyYz0iaHR0cDovL3N0YXRpYy5kaWFyeS5ydS9waWN0dXJlLzMuZ2lmIiBhbHQ9IiIgbmljZXRpdGxlPSIiIC8+PGJyIC8+IDUuINCY0YHRgtC+0YDQuNGPINC80L7QtdC5INC20LjQt9C90Lg/IC0g0JHQuCAyIC0g0KHQtdGA0LXQsdGA0L4gKNC+ISDQutGA0YPRgtC+ISDQvtCx0L7QttCw0LvQsCDRjdGC0YMg0L/QtdGB0L3Rji4gItGPINCy0YHQtSDQvtGC0LTQsNC8INC30LAg0L/RgNC+0LTQvtC70LbQtdC90LjQtSDQv9GD0YLQuC4uIi4g0LPRg9C0KTxiciAvPiA8YnIgLz4gNi4g0JzQvtC1INC70YPRh9GI0LXQtSDQutCw0YfQtdGB0YLQstC+PyAtINCh0L/Qu9C40L0gLSDQktCw0LvQtNCw0LkgKCLQs9C70Y7Qui4uLtC60L7Qu9C10YHQsCDQs9C70L7RgtCw0Y8uLiIuINGC0LDQui3RgtCw0Lot0YLQsNC6Li4uKSk8YnIgLz4gNy4g0KfRgtC+INC80LXQvdGPINC20LTQtdGCINGB0LXQs9C+0LTQvdGPPyAtINCf0LDQstC10Lsg0JrQsNGI0LjQvSAtINCU0L4g0YHQstC40LTQsNC90LjRjywg0LLRgNC10LzRjyAoItC/0L7QtNC+0LbQtNC4INGB0YLRgNC10LvRj9GC0Ywg0L/QviDQsdC70Y7QtNGG0LDQvC4uIiDQvdGDLdC90YMsINGPINCy0L7QvtCx0YnQtSDRgdC+0LHQuNGA0LDQu9Cw0YHRjCDQvdC+0LPRgtC4INC90LDQutGA0LDRgdC40YLRjCDQuCDRgdC/0LDRgtGMPGltZyB3aWR0aD0iMTUiIGhlaWdodD0iMTUiIGJvcmRlcj0iMCIgc3JjPSJodHRwOi8vc3RhdGljLmRpYXJ5LnJ1L3BpY3R1cmUvMy5naWYiIGFsdD0iIiBuaWNldGl0bGU9IiIgLz48YnIgLz4gOC4g0J/QtdGB0L3RjyDQviDQvNC+0LjRhSDRgNC+0LTQuNGC0LXQu9GP0YU/IC0g0J3QvtGH0L3Ri9C1INCh0L3QsNC50L/QtdGA0YsgLSBTTVMgKCLQv9GA0LjQstC10LfQuCDQvNC90LUg0L7RgtGC0YPQtNCwICDRgtC+0LvRjNC60L4g0YHQtdCx0Y8g0YHQsNC80L7Qs9C+Li4iINC90YMsINCwINC/0L7Rh9C10LzRgyDQvdC10YI/KTxiciAvPiA5LiDQn9C+INC60LDQutC+0LzRgyDQv9GA0LjQvdGG0LjQv9GDINGB0YLRgNC+0LjRgtGB0Y8g0LzQvtGPINC20LjQt9C90Yw/IC0g0KEu0J4u0JouIC0g0J/RgtC40YbQsCAo0KDQsNGB0YLQsC3Qn9Cw0L3QuikgKNGF0LAt0YXQsC3RhdCwLCA1INCx0LDQu9C70L7Qsik8YnIgLz4gMTAuINCn0YLQviDQsdGD0LTQtdGCINC40LPRgNCw0YLRjCDQvdCwINC80L7QuNGFINC/0L7RhdC+0YDQvtC90LDRhT8gLSBFcGljYSAtIFRoZSBQaGFudG9tIEFnb255IChTZWxlbmEg0YfRgtC+INC70Lgg0LfQsNC60LDQttC10YI/PGltZyB3aWR0aD0iMTUiIGhlaWdodD0iMTUiIGJvcmRlcj0iMCIgc3JjPSJodHRwOi8vc3RhdGljLmRpYXJ5LnJ1L3BpY3R1cmUvMy5naWYiIGFsdD0iIiBuaWNldGl0bGU9IiIgLz4pINGF0L7RgtGPINGB0L7QvtGC0LLQtdGC0YHRgtCy0YPQtdGCKSA8YnIgLz4gPGJyIC8+IDExLiDQp9GC0L4g0L7QsdC+INC80L3QtSDQtNGD0LzQsNGO0YIg0L7QutGA0YPQttCw0Y7RidC40LU/IC0gUGluayAtIEZlZWwgR29vZCBUaW1lICgnc2xlZXBpbmcgaW4gYSBjaHVyY2gnLiDQvdC00LAsINGH0YPQtNC10YHQvdC+KS48YnIgLz4gMTIuINCa0LDQuiDQvNC90LUg0YHQtNC10LvQsNGC0Ywg0YHQtdCx0Y8g0YHRh9Cw0YHRgtC70LjQstGL0Lw/IC0g0J3QvtGH0L3Ri9C1INCh0L3QsNC50L/QtdGA0YsgLSDQndC1INC40YnRgyAo0L7RhSwg0YjQuNC60LDRgNC90LDRjyDQv9C10YHQvdGPLCAi0L3QsNC8INC30LDQstC40LTRg9GO0YIg0YjQv9C40L7QvdGLINC4INC/0LjRgNCw0YLRiy4uIi4g0L/RgNC10LvQtdGB0YLRjCk8YnIgLz4gMTMuINCa0LDQuiDQvNC90LUg0YDQsNC30YDQtdGI0LjRgtGMINGB0LLQvtC4INC/0YDQvtCx0LvQtdC80Ys/IC0g0JvQtdC90LjQvdCz0YDQsNC0IC0g0JTQvtGA0L7Qs9C4ICjQv9C+0YLRgNGP0YHQsNGO0YnQtTxpbWcgd2lkdGg9IjE1IiBoZWlnaHQ9IjE1IiBib3JkZXI9IjAiIHNyYz0iaHR0cDovL3N0YXRpYy5kaWFyeS5ydS9waWN0dXJlLzMuZ2lmIiBhbHQ9IiIgbmljZXRpdGxlPSIiIC8+PGJyIC8+IDE0LiDQoyDQvNC10L3RjyDQsdGD0LTRg9GCINC00LXRgtC4PyAtIFBldGVyIE1lcmdlbmVyIC0gV2lsZCBUaHJpbGxzIGluIEp1bmdsZSAo0YLRgNC10L/QtdGCINCyINC00LbRg9C90LPQu9GP0YU/IE9oLCBteSBHb2QhKTxiciAvPiAxNS4g0JrQsNC6INGPINC40YUg0L3QsNC30L7QstGDPyAtIFBpbmsgLSBNaXNlcnkgKNC90YMg0YPQtiDQvdC40LrQvtCz0LTQsC4g0JzQuNC30LXRgNC4INGDINC80LXQvdGPINGB0L7Rh9C10YLQsNC10YLRgdGPINGC0L7Qu9GM0LrQviDRgSDQvNCw0L3RjNGP0YfQutC+0Lkg0LjQtyDRgNC+0LzQsNC90LAg0KHRgtC40LLQtdC90LAg0JrQuNC90LPQsCkuPGJyIC8+IDE2LiDQmtGC0L4g0LLRi9C50LTQtdGCINC30LAg0LzQtdC90Y8g0LfQsNC80YPQtlzQttC10L3QuNGC0YHRjyDQvdCwINC80L3QtT8gLSBQaW5rIC0gTW9zdCBHaXJscyAo0YfRgtC+Pz8/Pyk8YnIgLz4gMTcuINCa0LDQutC40LUg0LvRjtC00Lgg0LIg0LzQtdC90Y8g0LLQu9GO0LHQu9GP0Y7RgtGB0Y8/IC0gUGV0ZXIgTWVyZ2VuZXItIERhdGFzdHJlYW0gU3JjLTIgKNC/0L7QvdGP0YLQuNGPINC90LUg0LjQvNC10Y4sINGH0YLQviDRjdGC0Lgg0YHRgNGBINC30L3QsNGH0LDRgiwg0L3RgyDQu9Cw0LTQvdC+LNC90LDQtNC10Y7RgdGMLCDRh9GC0L4t0YLQviDQvdC+0YDQvCk8YnIgLz4gMTguINCa0LDQuiDRjyDRg9C80YDRgz8gLSDQn9Cw0LLQtdC7INCa0LDRiNC40L0gLSDQldGJ0LUg0L3QtdC80L3QvtCz0L4gKNCw0LPQsCwg0YHQv9Cw0YHQuNCx0L4pKSAi0LXRidC1INGH0YPRgtGMLdGH0YPRgtGMLCDQuCDQvNGLINGD0L/QsNC00LXQvC4uIi4g0LLRgdC1LCDQsdC+0LvRjNGI0LUg0L3QtSDQtdC30LbRgyDQsiDQvNC10YLRgNC+PGltZyB3aWR0aD0iMTUiIGhlaWdodD0iMTUiIGJvcmRlcj0iMCIgc3JjPSJodHRwOi8vc3RhdGljLmRpYXJ5LnJ1L3BpY3R1cmUvMy5naWYiIGFsdD0iIiBuaWNldGl0bGU9IiIgLz4p"
"eventtime","2007-06-07 00:11:00"
"url","http://no-wisdom.livejournal.com/1812.html"
"userid","11071"
"itemid","6"
"event","LSDQktGH0LXRgNCwINC+0LTQvdCwINC00LXQstGH0L7QvdC60LAg0LHRi9C70LAg0LIg0YjQvtC60LUsINC60L7Qs9C00LAg0YPQt9C90LDQu9CwLCDRh9GC0L4g0Y8g0L3QtSDRgdC80L7RgtGA0LXQu9CwINC80YPQu9GM0YIgItCa0L7RgNC+0LvRjCDQm9C10LIiPw0KLSDQotGLINCd0JUg0KHQnNCe0KLQoNCV0JvQkCAi0JrQvtGA0L7Qu9GPINCb0YzQstCwIj8/PyrRgSDQstGL0YDQsNC20LXQvdC40LXQvCDQttCw0LvQvtGB0YLQuCwg0YHQvdC40YHRhdC+0LbQtNC10L3QuNGPLCDQsdC10LfQvNC10YDQvdC+0LPQviDRg9C00LjQstC70LXQvdC40Y8qLg0KDQrQkCDRjyDQtNCw0LbQtSAi0JHQtdC80LHQuCIg0L3QtSDRgdC80L7RgtGA0LXQu9CwLiDQvdGDINGH0YLQviDQv9C+0LTQtdC70LDQtdGI0YwuLiDQkCDQtdGJ0LUgItCc0LDRgtGA0LjRhtGDIi4g0K3RgtC+INCy0LXRh9C90YvQuSDRg9C60L7RgCDRgdC+INGB0YLQvtGA0L7QvdGLINC80L7QtdCz0L4g0JzQpy4NCtCQINC80LXQvdGPINC90LUg0YLRj9C90LXRgi4g0JrQuNGA0YMg0JzRg9GA0LDRgtC+0LLRgyDQv9GA0LXQtNC/0L7Rh9C40YLQsNGOLi4NCg0KUC5TLiDQpdC+0YfRgyDQv9C+0YHQvNC+0YLRgNC10YLRjCDQvdC+0LLRi9C5INGE0LjQu9GM0Lwg0JfQstGP0LPQuNC90YbQtdCy0LAuINCi0L7Qu9GM0LrQviDQstGA0Y/QtCDQu9C4INC10LPQviDRgdC60L7RgNC+INC/0L7QutCw0LbRg9GCLi4="
"eventtime","2007-05-29 21:41:00"
"url","http://no-wisdom.livejournal.com/1603.html"
"userid","11071"
"itemid","5"
"event","0JzQtdC90Y8g0L3QsNC30LLQsNC70Lgg0YbQuNC90LjRh9C90L7QuS4g0J3QtSDQt9C90LDRjiwg0L7RgdC60L7RgNCx0LvQtdC90LjQtSDQuNC70Lgg0LrQvtC80L/Qu9C40LzQtdC90YI/"
"eventtime","2007-05-22 22:30:00"
"url","http://no-wisdom.livejournal.com/1330.html"
"userid","11071"
"itemid","4"
"event","0L/RgNC+0YfQuNGC0LDQu9CwINC90LAg0L7RhNGE0LUsINGH0YLQviAxOS3Qs9C+INC40Y7Qu9GPINCh0YPRgNCz0LDQvdC+0LLQsCDRgSDQotGF0LDQtdC8INCyINCc0Y7Qt9C40Lot0YXQvtC70LvQtS4g0KXQvtGH0YMg0LHQtdC30YPQvNC90L4hISEg0K8g0L3QuCDRgNCw0LfRgyDQtdGJ0LUg0L3QtSDQsdGL0LvQsCDQvdCwINC10LUg0LrQvtC90YbQtdGA0YLQsNGFLCDRh9GC0L4g0L3QsNC00L4g0LjRgdC/0YDQsNCy0LvRj9GC0YwuINCi0L7Qu9GM0LrQviDQv9C+0LnRgtC4LCDQutCw0Log0LLRgdC10LPQtNCwINC90LUg0YEg0LrQtdC8LCDQuNCx0L4g0LTRgNGD0LfRjNGPINC+0YLQu9C40YfQsNGO0YLRgdGPINGB0L7QstC10YDRiNC10L3QvdC+INC/0L7Qu9GP0YDQvdGL0LzQuCDQvNGD0LfRi9C60LDQu9GM0L3Ri9C80Lgg0LLQutGD0YHQsNC80LguINCc0L7QttC10YIsINC60YLQvi3QvdC40LHRg9C00Ywg0YHQvtGB0YLQsNCy0LjRgiDQutC+0LzQv9Cw0L3QuNGOLCDQsD86KQ=="
"eventtime","2007-05-18 22:13:00"
"url","http://no-wisdom.livejournal.com/1112.html"
"userid","11071"
"itemid","3"
"event","0Jgg0LLQvtGCINCy0YfQtdGA0LAg0L7QsdGA0LDQtNC+0LLQsNC70LgsINGH0YLQviDRgdC10LzQuNC90LDRgNCwINC90LUg0LHRg9C00LXRgiwg0LAg0L/QvtGC0L7QvNGDINGB0LzRi9GB0LvQsCDQuNC00YLQuCDQvdCwINC70LXQutGG0LjRjiDQvtGB0L7QsdC10L3QvdC+INC90LUg0LHRi9C70L4uINCh0L/QsNC70LAgMTEg0YfQsNGB0L7Qsiwg0LLQuNC00LXQu9CwINCx0LXQt9GD0LzQvdGL0LUg0YHQvdGLLCDRgtC+INGN0YDQvtGC0LjRh9C10YHQutC40LUsINGC0L4g0LLQv9C+0LvQvdC1INC80LjRgNC90YvQtSwg0LAg0LXRidC1INC80L3QvtCz0L4g0LrQvtGI0LXQui4g0J/QvtC30LDQstGC0YDQsNC60LDQu9CwINC4INCy0L7Qv9GA0L7RgSAi0YfQtdC8INCx0Ysg0LfQsNC90Y/RgtGM0YHRjyIg0YDQtdGI0LjQu9GB0Y8g0LIg0L/QvtC70YzQt9GDIERWRCAi0LzRg9C80LjQuSDRgtGA0L7Qu9C70Y8iLCDQutC+0YIg0L3QtSDRgdC80L7RgtGA0LXQu9CwINC90Lgg0YDQsNC30YMuINCd0YMg0L/QvtGB0LzQvtGC0YDQtdC70LAg0Y8g0YLQtdC/0LXRgNGMINC90LUg0LLRgdC1LCDQv9C+0LvQvtCy0LjQvdGDINC/0YDQvtC80L7RgtCw0LvQsCwg0YLQvtC70YzQutC+INGC0L4sINGH0YLQviDQt9C90LDQu9CwINC4INGB0LvRg9GI0LDQu9CwINC60L7Qs9C00LAt0YLQviDQsiAxMy0xNCDQu9C10YIsINC10YnQtSDQtNC+INGB0L3QsNC50L/QtdGA0L7Qsi4gDQrQndC+INC80LXQvdGPINC/0L7RgNCw0LfQuNC70L46INGB0LrQvtC70YzQutC+INC90LAg0LrQvtC90YbQtdGA0YLQtSDQsdGL0LvQviDQvdCw0YDQvtC00YMgKNCwINC60L7QvdGG0LXRgNGC0LXRhiDRgdGC0LDRgNGL0LksICLRgtC+0YfQvdC+INGA0YLRg9GC0Ywg0LDQu9C+0Y0iKSwg0LrQsNC60L7QuSDRhNCw0L3QsNGC0LjQt9C8INC4INC00YDQsNC50LIuINCb0LDQs9GD0YLQtdC90LrQviwg0LrQvtC90LXRh9C90L4sINGBINC+0LHQsNGP0L3QuNC10LwsINC90L4g0LLQtdC00Ywg0L3QtSDRgtC+0LvRjNC60L4g0Y3RgtC+LiDQmCDQsiDRh9C10Lwg0L/RgNC40YfQuNC90LAg0YLQsNC60L7QuSDQu9GO0LHQstC4INC6INCc0KI/INCQINGC0LXQv9C10YDRjCwg0L3QsCDQuNGFINC60L7QvdGG0LXRgNGC0LDRhSDQstGB0LUg0YLQsNC6INC20LU/INC80L7QttC10YIsINC60YLQvi3QvdC40LHRg9C00Ywg0LHRi9C7Pw=="
"eventtime","2007-05-17 16:47:00"
"url","http://no-wisdom.livejournal.com/867.html"
"userid","11071"
"itemid","2"
"event","0Jgg0YXQvtGH0LXRgtGB0Y8g0LTQsNGC0Ywg0YLQtdCx0LUg0LTQtdC90LXQsw0K0Jgg0LfQsNC60YDQuNGH0LDRgtGMOiAi0J3QtSDQsdC+0LvQtdC5INGC0LDQvCIgKNGBKQ0KDQoNCtCt0YLQviDQviDQodChLCDQuNC90YLQtdGA0LXRgdC90L4/"
"eventtime","2007-05-16 22:14:00"
"url","http://no-wisdom.livejournal.com/734.html"
"userid","11071"
